0.165771
0.228614
0.289523
0.349143
0.408763
0.466127
0.521558
0.574088
0.625329
0.673025
0.719432
0.761971
0.802255
0.838994
0.872188
0.902159
0.928263
0.951789
0.970158
0.985627
0.996262
1.004319
1.006575
1.006575
1.001741
0.993362
0.981116
0.963391
0.943410
0.919240
0.892169
0.860264
0.826103
0.788720
0.747147
0.703963
0.656589
0.607926
0.555396
0.501899
0.445179
0.388782
0.328195
0.268253
0.206699
0.143212
0.080692
0.017204
-0.045961
-0.110092
-0.171968
-0.234811
-0.295076
-0.356307
-0.414316
-0.471680
-0.526466
-0.579962
-0.631526
-0.679222
-0.725306
-0.767846
-0.808774
-0.844868
-0.878384
-0.908033
-0.935104
-0.957340
-0.976354
-0.991501
-1.002136
-1.009870
-1.013093
-1.012771
-1.007292
-0.999236
-0.986022
-0.969264
-0.950251
-0.925436
-0.898365
-0.866783
-0.832300
-0.793950
-0.753988
-0.708870
-0.663108
-0.613156
-0.562238
-0.508096
-0.451377
-0.394335
-0.334715
-0.274450
-0.211930
-0.150699
-0.086567
-0.023724
0.040408
0.103573
0.166093
0.228936
0.289200
0.350432
0.408118
0.466449
0.520268
0.574410
0.625006
0.673669
0.719109
0.762294
0.802578
0.838672
0.873155
0.902482
0.929875
0.951144
0.970481
0.985305
0.995940
1.003997
1.006897
1.007220
1.001419
0.994006
0.980149
0.964035
0.943088
0.919562
0.892169
0.860909
0.826103
0.788075
0.748114
0.702674
0.657233
0.606959
0.555718
0.501254
0.445502
0.387815
0.328517
0.268253
0.206055
0.144823
0.080369
0.017527
-0.046283
-0.108481
-0.172613
-0.234489
-0.296042
-0.355985
-0.413993
-0.472324
-0.526143
-0.580607
-0.630881
-0.680511
-0.725306
-0.768168
-0.808774
-0.844546
-0.878707
-0.908033
-0.935104
-0.957018
-0.976677
-0.990857
-1.003747
-1.010193
-1.013415
-1.012771
-1.007615
-0.999558
-0.986345
-0.969264
-0.949606
-0.926403
-0.898365
-0.867427
-0.832300
-0.794272
-0.753666
-0.708870
-0.663430
-0.613156
-0.562238
-0.506807
-0.452021
-0.393690
-0.334715
-0.274128
-0.212252
-0.151021
-0.086567
-0.023080
0.040730
0.102606
0.166415
0.228291
0.289200
0.349465
0.408763
0.465805
0.520913
0.574410
0.624684
0.673669
0.718465
0.762294
0.801933
0.838672
0.872510
0.902482
0.928908
0.951144
0.970481
0.985305
0.997229
1.003030
1.007864
1.006575
1.002063
0.992717
0.980471
0.964358
0.943732
0.919884
0.891524
0.861231
0.826103
0.788075
0.746825
0.703640
0.655944
0.606959
0.556041
0.501577
0.445824
0.387493
0.328840
0.267608
0.207344
0.143534
0.080692
0.016882
-0.046605
-0.109126
-0.172613
-0.234167
-0.296365
-0.355662
-0.415282
-0.471680
-0.528077
-0.580607
-0.630881
-0.679544
-0.725306
-0.768490
-0.807485
-0.844868
-0.878062
-0.908678
-0.934459
-0.957663
-0.976354
-0.991501
-1.002781
-1.009226
-1.013093
-1.012126
-1.007937
-0.998913
-0.986989
-0.969587
-0.950251
-0.925758
-0.898043
-0.866783
-0.832300
-0.795239
-0.753021
-0.709193
-0.662141
-0.613801
-0.561593
-0.507452
-0.452021
-0.394013
-0.334715
-0.273483
-0.212252
-0.149087
-0.086889
-0.022757
0.040408
0.102928
0.165449
0.228936
0.289523
0.350110
0.409085
0.465482
0.521235
0.574410
0.625651
0.673669
0.718787
0.761971
0.802255
0.838994
0.871544
0.903126
0.928263
0.951789
0.970481
0.985950
0.995940
1.003352
1.006575
1.005930
1.002063
0.993040
0.980793
0.963713
0.944054
0.918917
0.892169
0.860909
0.826426
0.788398
0.746825
0.703318
0.656267
0.607282
0.554751
0.502221
0.445502
0.387493
0.327873
0.268253
0.206377
0.143212
0.080692
0.017527
-0.046283
-0.109770
-0.172291
-0.234811
-0.295076
-0.355662
-0.414638
-0.472002
-0.527432
-0.580285
-0.631848
-0.679866
-0.726273
-0.768168
-0.808452
-0.844546
-0.878384
-0.908355
-0.935426
-0.957985
-0.976354
-0.990857
-1.002458
-1.010515
-1.013093
-1.012449
-1.007615
-0.999236
-0.986989
-0.970231
-0.949928
-0.925758
-0.898043
-0.866138
-0.832622
-0.794272
-0.753988
-0.708548
-0.662786
-0.613156
-0.561271
-0.507452
-0.450410
-0.394013
-0.334393
-0.274773
-0.211930
-0.150054
-0.086567
-0.023402
0.039763
0.103895
0.166093
0.229258
0.289200
0.350754
0.408763
0.466449
0.520913
0.574732
0.625651
0.673347
0.719432
0.762294
0.802900
0.838350
0.872510
0.902159
0.929230
0.951467
0.970803
0.985627
0.996585
1.003997
1.006253
1.006575
1.001419
0.993362
0.979504
0.964035
0.943410
0.920206
0.892169
0.860909
0.826426
0.788398
0.747792
0.703318
0.656267
0.606959
0.555396
0.501254
0.444857
0.388138
0.328517
0.267931
0.205732
0.144179
0.080047
0.017527
-0.046283
-0.109770
-0.172291
-0.235133
-0.295720
-0.356629
-0.414638
-0.472002
-0.527432
-0.580929
-0.631203
-0.679866
-0.724984
-0.768168
-0.807807
-0.844868
-0.879029
-0.908033
-0.935426
-0.957663
-0.976677
-0.990857
-1.003103
-1.010193
-1.012771
-1.013093
-1.007615
-0.999880
-0.986022
-0.970876
-0.949928
-0.925436
-0.898687
-0.866783
-0.831655
-0.793627
-0.753344
-0.709193
-0.662786
-0.612512
-0.561915
-0.507129
-0.451699
-0.393046
-0.334393
-0.273806
-0.212574
-0.150054
-0.086244
-0.022757
0.040730
0.103573
0.166738
0.228614
0.289523
0.349787
0.409085
0.466127
0.521235
0.575054
0.625006
0.673992
0.719109
0.762294
0.802578
0.838672
0.872188
0.901837
0.929230
0.951144
0.971447
0.984661
0.996907
1.003675
1.007864
1.005608
1.001419
0.993684
0.979182
0.964035
0.944054
0.920206
0.891524
0.860586
0.826103
0.788075
0.746825
0.702674
0.656589
0.606959
0.555396
0.500610
0.445824
0.387493
0.328517
0.267608
0.206377
0.143857
0.080047
0.016560
-0.046605
-0.109126
-0.172935
-0.234489
-0.296042
-0.355662
-0.414960
-0.471680
-0.528077
-0.580607
-0.631848
-0.679866
-0.725628
-0.769135
-0.808130
-0.845513
-0.878707
-0.909000
-0.934782
-0.957340
-0.976354
-0.991501
-1.003103
-1.009548
-1.013738
-1.012449
-1.008259
-0.999236
-0.986345
-0.969909
-0.949928
-0.925758
-0.898043
-0.867105
-0.831333
-0.793627
-0.753021
-0.709837
-0.662141
-0.612834
-0.561915
-0.506807
-0.451699
-0.393368
-0.334070
-0.273161
-0.212574
-0.149409
-0.086889
-0.022435
0.040408
0.103573
0.167382
0.227969
0.289845
0.350110
0.409085
0.465805
0.521235
0.574410
0.625329
0.673669
0.720076
0.762938
0.801611
0.838994
0.873799
0.902482
0.928263
0.952111
0.969836
0.985627
0.996907
1.003352
1.007220
1.006253
1.001741
0.992395
0.980149
0.963391
0.944054
0.918917
0.891847
0.860264
0.825459
0.788720
0.746825
0.702674
0.655622
0.606315
0.554751
0.501577
0.444535
0.387815
0.328517
0.267286
0.206055
0.143534
0.080692
0.016882
-0.045961
-0.110415
-0.172291
-0.234811
-0.295720
-0.356307
-0.415282
-0.472002
-0.527110
-0.580285
-0.632170
-0.679222
-0.725951
-0.768168
-0.808774
-0.845191
-0.878707
-0.908678
-0.934782
-0.957663
-0.976032
-0.991823
-1.002136
-1.010193
-1.013093
-1.012771
-1.007937
-0.999880
-0.986989
-0.969909
-0.950251
-0.925758
-0.898365
-0.866138
-0.832300
-0.794272
-0.753666
-0.709193
-0.662786
-0.613478
-0.560948
-0.507129
-0.451054
-0.393368
-0.334070
-0.273806
-0.211930
-0.149409
-0.087211
-0.022435
0.039763
0.104217
0.166738
0.229580
0.289845
0.351076
0.408763
0.466449
0.521558
0.574732
0.626296
0.673025
0.719432
0.762294
0.802900
0.838350
0.872833
0.902159
0.928908
0.951789
0.970481
0.985627
0.996585
1.003675
1.006575
1.007220
1.001419
0.993040
0.980149
0.964358
0.943410
0.919240
0.892491
0.860264
0.825459
0.787753
0.747469
0.702351
0.656267
0.606637
0.555074
0.502221
0.445179
0.387493
0.327551
0.267931
0.206055
0.144179
0.080047
0.017527
-0.046605
-0.109448
-0.172613
-0.235133
-0.296365
-0.356629
-0.414960
-0.472324
-0.527110
-0.580607
-0.631526
-0.680188
-0.725628
-0.768490
-0.808774
-0.845191
-0.879673
-0.908355
-0.935426
-0.957340
-0.976999
-0.991501
-1.002458
-1.009548
-1.013093
-1.012449
-1.007937
-0.999236
-0.986345
-0.970231
-0.949606
-0.926080
-0.897076
-0.866460
-0.831655
-0.793305
-0.752699
-0.708548
-0.662463
-0.612834
-0.561271
-0.507129
-0.451054
-0.393690
-0.333748
-0.273483
-0.211930
-0.149732
-0.085922
-0.023080
0.040730
0.103250
0.167060
0.228936
0.290167
0.350754
0.409085
0.466772
0.520591
0.575054
0.625329
0.674636
0.719754
0.762616
0.802255
0.839639
0.872510
0.902482
0.928263
0.951467
0.970158
0.985305
0.997229
1.003352
1.007220
1.006253
1.001419
0.993362
0.980149
0.964358
0.943088
0.919562
0.891202
0.860909
0.825459
0.788075
0.746825
0.702996
0.656267
0.606637
0.554751
0.501577
0.445502
0.387493
0.328517
0.267286
0.206055
0.142890
0.080047
0.017527
-0.046283
-0.110092
-0.172935
-0.234489
-0.297009
-0.355340
-0.415927
-0.471680
-0.527755
-0.581251
-0.631848
-0.680511
-0.725306
-0.769457
-0.808130
-0.845191
-0.879029
-0.909322
-0.935426
-0.957663
-0.976354
-0.991823
-1.003103
-1.010193
-1.013093
-1.012126
-1.007615
-0.998913
-0.986667
-0.969909
-0.950251
-0.925758
-0.898043
-0.866783
-0.831655
-0.794594
-0.753021
-0.709193
-0.662141
-0.613156
-0.561593
-0.506807
-0.451699
-0.393046
-0.334715
-0.273483
-0.212574
-0.149087
-0.086244
-0.022757
0.040730
0.103895
0.167060
0.229258
0.290812
0.350754
0.408763
0.466127
0.522202
0.574410
0.625973
0.673669
0.720076
0.762938
0.802255
0.839639
0.872188
0.903126
0.927941
0.952111
0.969836
0.985950
0.996585
1.003352
1.006897
1.005930
1.002708
0.992717
0.980149
0.964035
0.943410
0.919562
0.891847
0.859942
0.826426
0.788398
0.747147
0.702674
0.655944
0.607926
0.555074
0.502221
0.444535
0.387171
0.327873
0.267608
0.205732
0.143534
0.080047
0.015593
-0.046283
-0.110092
-0.172935
-0.234811
-0.296687
-0.355985
-0.415282
-0.471680
-0.527755
-0.580929
-0.631526
-0.679222
-0.725951
-0.768168
-0.809096
-0.845191
-0.879029
-0.909322
-0.934782
-0.957663
-0.975710
-0.992468
-1.002781
-1.010837
-1.012449
-1.012771
-1.008259
-0.999236
-0.986345
-0.970231
-0.950251
-0.925436
-0.898043
-0.866138
-0.831655
-0.793627
-0.753344
-0.709193
-0.662463
-0.613156
-0.560948
-0.507129
-0.451054
-0.394013
-0.333426
-0.273483
-0.211608
-0.149087
-0.085922
-0.023080
0.040085
0.104217
