-0.360819
-0.360819
-0.361463
-0.361141
-0.361141
-0.361786
-0.362108
-0.360819
-0.361141
-0.360819
-0.361141
-0.361141
-0.360819
-0.361463
-0.361141
-0.360819
-0.362108
-0.361463
-0.360819
-0.361463
-0.360819
-0.360496
-0.361141
-0.361141
-0.360819
-0.360819
-0.360819
-0.361463
-0.362108
-0.361463
-0.361463
-0.360496
-0.361141
-0.360819
-0.361141
-0.361141
-0.361463
-0.360819
-0.360496
-0.361786
-0.362430
-0.361141
-0.361463
-0.361463
-0.360819
-0.360819
-0.361141
-0.361141
-0.361141
-0.361463
-0.362430
-0.361786
-0.362108
-0.362108
-0.361463
-0.361463
-0.360819
-0.361141
-0.361141
-0.361463
-0.361463
-0.361141
-0.361463
-0.361463
-0.361786
-0.361141
-0.360819
-0.361463
-0.361141
-0.361141
-0.360819
-0.361141
-0.360819
-0.361786
-0.362108
-0.361463
-0.361141
-0.360819
-0.360819
-0.360174
-0.360496
-0.361463
-0.361463
-0.361141
-0.361463
-0.362108
-0.361463
-0.361463
-0.361141
-0.360174
-0.360819
-0.360174
-0.360819
-0.361141
-0.360174
-0.360819
-0.361463
-0.361463
-0.361786
-0.361141
-0.360496
-0.360819
-0.360819
-0.361141
-0.360819
-0.361786
-0.361463
-0.361786
-0.361786
-0.361786
-0.361141
-0.361141
-0.361141
-0.360496
-0.361786
-0.361786
-0.361786
-0.361463
-0.360819
-0.361463
-0.362430
-0.361463
-0.361141
-0.361141
-0.360819
-0.360819
-0.360819
-0.361141
-0.361463
-0.361463
-0.361786
-0.362108
-0.362430
-0.361141
-0.360819
-0.361141
-0.361141
-0.360819
-0.360819
-0.360819
-0.360819
-0.361141
-0.361141
-0.362108
-0.361463
-0.361141
-0.361463
-0.360819
-0.360819
-0.360819
-0.361141
-0.361141
-0.361141
-0.361463
-0.361463
-0.362430
-0.360819
-0.360819
-0.360819
-0.361463
-0.361141
-0.361141
-0.361141
-0.361141
-0.361463
-0.362108
-0.362108
-0.361463
-0.361463
-0.361141
-0.361141
-0.361141
-0.361141
-0.361141
-0.361463
-0.361141
-0.361786
-0.361463
-0.361786
-0.361141
-0.361141
-0.360819
-0.361141
-0.361141
-0.361141
-0.360819
-0.361786
-0.361463
-0.361786
-0.361786
-0.361141
-0.361141
-0.360819
-0.360819
-0.360819
-0.361463
-0.361141
-0.361141
-0.360496
-0.361786
-0.361786
-0.361463
-0.361463
-0.361141
-0.360174
-0.360819
-0.360819
-0.361141
-0.361141
-0.361141
-0.360819
-0.361786
-0.362108
-0.361463
-0.361463
-0.360496
-0.360819
-0.360819
-0.360819
-0.361141
-0.360496
-0.360819
-0.361141
-0.361786
-0.361463
-0.361141
-0.361141
-0.360174
-0.360496
-0.360819
-0.360819
-0.360819
-0.360819
-0.361463
-0.361786
-0.361463
-0.361463
-0.361141
-0.360819
-0.361141
-0.361141
-0.360819
-0.361141
-0.361141
-0.360496
-0.355985
-0.344061
-0.328592
-0.310545
-0.290242
-0.269294
-0.248346
-0.227077
-0.207740
-0.188082
-0.169712
-0.152310
-0.137163
-0.122016
-0.107837
-0.094624
-0.082055
-0.070453
-0.061107
-0.052084
-0.043383
-0.035648
-0.028880
-0.022757
-0.016634
-0.011156
-0.006321
-0.001810
0.002380
0.006569
0.008825
0.012370
0.015271
0.017849
0.019460
0.021394
0.023005
0.024939
0.026228
0.027839
0.030095
0.030740
0.031062
0.032673
0.032996
0.033640
0.033962
0.034929
0.036218
0.036863
0.036863
0.037507
0.038152
0.038152
0.038474
0.038796
0.038796
0.039441
0.038474
0.038796
0.039763
0.039441
0.040408
0.040408
0.040408
0.039763
0.040085
0.040085
0.040730
0.039441
0.039441
0.040408
0.040730
0.041052
0.041052
0.041052
0.040730
0.040408
0.040730
0.040408
0.040408
0.040085
0.040408
0.040730
0.040730
0.041052
0.041697
0.041052
0.041052
0.041052
0.041052
0.041052
0.040408
0.039763
0.040730
0.040730
0.040408
0.041375
0.041375
0.040085
0.034929
0.023972
0.008181
-0.009544
-0.030492
-0.051117
-0.071420
-0.092368
-0.111704
-0.131362
-0.150054
-0.167134
-0.183892
-0.198395
-0.212574
-0.226432
-0.238678
-0.248991
-0.259626
-0.268327
-0.276384
-0.283796
-0.291531
-0.297976
-0.303777
-0.309255
-0.314734
-0.318924
-0.322791
-0.326014
-0.328914
-0.331814
-0.335037
-0.337938
-0.339549
-0.341483
-0.343094
-0.345672
-0.347606
-0.348572
-0.350184
-0.350184
-0.351795
-0.352117
-0.353084
-0.353729
-0.354696
-0.355018
-0.355985
-0.356951
-0.357596
-0.357596
-0.358241
-0.357274
-0.358241
-0.358563
-0.358241
-0.358563
-0.359207
-0.358885
-0.359852
-0.360174
-0.360174
-0.360496
-0.360174
-0.360496
-0.360174
-0.360496
-0.360496
-0.360174
-0.360174
-0.360174
-0.361141
-0.361141
-0.361141
-0.360819
-0.360819
-0.360496
-0.360496
-0.360496
-0.361141
-0.360819
-0.360819
-0.361463
-0.361786
-0.361786
-0.360819
-0.360819
-0.361141
-0.359852
-0.360819
-0.360819
-0.360819
-0.361463
-0.360819
-0.362108
-0.361786
-0.361463
-0.361141
-0.360819
-0.360496
-0.360174
-0.361141
-0.361141
-0.360496
-0.360819
-0.361141
-0.361141
-0.361463
-0.360819
-0.360819
-0.360819
-0.360174
-0.360819
-0.361141
-0.361141
-0.360819
-0.361141
-0.361463
-0.362108
-0.361786
-0.361141
-0.361141
-0.360819
-0.360819
-0.361141
-0.361141
-0.361141
-0.361141
-0.361141
-0.361463
-0.361786
-0.361786
-0.361141
-0.361141
-0.361141
-0.361141
-0.361141
-0.361141
-0.361141
-0.361141
-0.361786
-0.362108
-0.361141
-0.361141
-0.361141
-0.361141
-0.360496
-0.361463
-0.360819
-0.361141
-0.361463
-0.361786
-0.362108
-0.361463
-0.361141
-0.361463
-0.360819
-0.361141
-0.361141
-0.361141
-0.360819
-0.361141
-0.360496
-0.362108
-0.361786
-0.361141
-0.360819
-0.361141
-0.360819
-0.361786
-0.360819
-0.361141
-0.360819
-0.360819
-0.361141
-0.362108
-0.360819
-0.361141
-0.360819
-0.360496
-0.361141
-0.360819
-0.361463
-0.361141
-0.361463
-0.361141
-0.361786
-0.362108
-0.361463
-0.361141
-0.361141
-0.360174
-0.361463
-0.361141
-0.360819
-0.361141
-0.360496
-0.361786
-0.361786
-0.361141
-0.361141
-0.361463
-0.360819
-0.360819
-0.360496
-0.361141
-0.361463
-0.361141
-0.361463
-0.361786
-0.361786
-0.360819
-0.360819
-0.360819
-0.359852
-0.360496
-0.360819
-0.360819
-0.360819
-0.360819
-0.361463
-0.361463
-0.360819
-0.360496
-0.361141
-0.360819
-0.361141
-0.360819
-0.360819
-0.361141
-0.361141
-0.361141
-0.362108
-0.361463
-0.361463
-0.360819
-0.360819
-0.360174
-0.360496
-0.361141
-0.361141
-0.361141
-0.360496
-0.361786
-0.361786
-0.360819
-0.361141
-0.361141
-0.360819
-0.361141
-0.360819
-0.360819
-0.360819
-0.360819
-0.362108
-0.361786
-0.361463
-0.361141
-0.361141
-0.361141
-0.360496
-0.360819
-0.361141
-0.361141
-0.361141
-0.361141
-0.362108
-0.361786
-0.361141
-0.361463
-0.360496
-0.360819
-0.360819
-0.361463
-0.361141
-0.361141
-0.361141
-0.361141
-0.361141
-0.361786
-0.360819
-0.360819
-0.360496
-0.359852
-0.360496
-0.360819
-0.360819
-0.360819
-0.361141
-0.361786
-0.361786
-0.361141
-0.360819
-0.360819
-0.360819
-0.360819
-0.360819
-0.360819
-0.361463
-0.360819
-0.360819
-0.362108
-0.361786
-0.360819
-0.360819
-0.360819
-0.361141
-0.360819
-0.361141
-0.360819
-0.360819
-0.361463
-0.361463
-0.361463
-0.361141
-0.361463
-0.360819
-0.360496
-0.360819
-0.360819
-0.361463
-0.361463
-0.360819
-0.361786
-0.362108
-0.361786
-0.360819
-0.360819
-0.360819
-0.360496
-0.360819
-0.361141
-0.361141
-0.360819
-0.360819
-0.361786
-0.361786
-0.361141
-0.360819
-0.360819
-0.360174
-0.360496
-0.360819
-0.361141
-0.361141
-0.360819
-0.361786
-0.361463
-0.361141
-0.360819
-0.360496
-0.360174
-0.360174
-0.360496
-0.360819
-0.360496
-0.360496
-0.360496
-0.361786
-0.361463
-0.361141
-0.361141
-0.360819
-0.360174
-0.360819
-0.360174
-0.360819
-0.361141
-0.360174
-0.361786
-0.361141
-0.361141
-0.361463
-0.361141
-0.360496
-0.361141
-0.360819
-0.360819
-0.361141
-0.361141
-0.361141
-0.361786
-0.361463
-0.361463
-0.361463
-0.361141
-0.360496
-0.361141
-0.361141
-0.361786
-0.361141
-0.361463
-0.362430
-0.362108
-0.361463
-0.362108
-0.361463
-0.360496
-0.360819
-0.360496
-0.362108
-0.360819
-0.360496
-0.361141
-0.361463
-0.361463
-0.361141
-0.361141
-0.360496
-0.360496
-0.360819
-0.361463
-0.361786
-0.360819
-0.361141
-0.361786
-0.361786
-0.362108
-0.361463
-0.361463
-0.360496
-0.360174
-0.361141
-0.360819
-0.361141
-0.361786
-0.361786
-0.362108
-0.361463
-0.361463
-0.360819
-0.361141
-0.360819
-0.361141
-0.361141
-0.360496
-0.360819
-0.361463
-0.361786
-0.361786
-0.361141
-0.360496
-0.361141
-0.360496
-0.360496
-0.361463
-0.361141
-0.361141
-0.361463
-0.361463
-0.361786
-0.361141
-0.361463
-0.360819
-0.361463
-0.361141
-0.361141
-0.361141
-0.360819
-0.360819
-0.361141
-0.361141
-0.361463
-0.361141
-0.361141
-0.360819
-0.360496
-0.360819
-0.361463
-0.361141
-0.360819
-0.361463
-0.361786
-0.362108
-0.361141
-0.361463
-0.360496
-0.361141
-0.361141
-0.360819
-0.361463
-0.361141
-0.360819
-0.361141
-0.362108
-0.361786
-0.361141
-0.360819
-0.361463
-0.361141
-0.361141
-0.361463
-0.361141
-0.360819
-0.360819
-0.361463
-0.362430
-0.362430
-0.361141
-0.361463
-0.360819
-0.361141
-0.361463
-0.360819
-0.361141
-0.361463
-0.361141
-0.362108
-0.361463
-0.361141
-0.361463
-0.360819
-0.360174
-0.360819
-0.360819
-0.360819
-0.360496
-0.361141
-0.361463
-0.361786
-0.362108
-0.361141
-0.360819
-0.360496
-0.360496
-0.360496
-0.360819
-0.360819
-0.361141
-0.361141
-0.361786
-0.361141
-0.360819
-0.360819
-0.361141
-0.361141
-0.360496
-0.361141
-0.360819
-0.360819
-0.361141
-0.361463
-0.362108
-0.361463
-0.361141
-0.361463
-0.361141
-0.361141
-0.361141
-0.361141
-0.361141
-0.361141
-0.361141
-0.362108
-0.361786
-0.361786
-0.361141
-0.361141
-0.361141
-0.360174
-0.361141
-0.361463
-0.361141
-0.360819
-0.361786
-0.362108
-0.361141
-0.361141
-0.361141
-0.360496
-0.361141
-0.360819
-0.361141
-0.361141
-0.361141
-0.361141
-0.361786
-0.362108
-0.361141
-0.360819
-0.361141
-0.360174
-0.360496
-0.361141
-0.361463
-0.361141
-0.361463
-0.361786
-0.362108
-0.362108
-0.361786
-0.361141
-0.360819
-0.361463
-0.361141
-0.360819
-0.361786
-0.361141
-0.361786
-0.362430
-0.362108
-0.361463
-0.361141
-0.361463
-0.360819
-0.360819
-0.360496
-0.361786
-0.362108
-0.361141
-0.362108
-0.362430
-0.362108
-0.361463
-0.361141
-0.361141
-0.360819
-0.361141
-0.361141
-0.361463
-0.361463
-0.361786
-0.362430
-0.362108
-0.361463
-0.361141
-0.361141
-0.360496
-0.360819
-0.361463
-0.361463
-0.361463
-0.361463
-0.362430
-0.362108
-0.361786
-0.360819
-0.361141
-0.360819
-0.360819
-0.361141
-0.360819
-0.360819
-0.361141
-0.361141
-0.361463
-0.361786
-0.360819
-0.361141
-0.361141
-0.360819
-0.361141
-0.360819
-0.361141
-0.360819
-0.361141
-0.361463
-0.362108
-0.360819
-0.360819
-0.360819
-0.360819
-0.360819
-0.360496
-0.361141
-0.361141
-0.360819
-0.361463
-0.361786
-0.360819
-0.360819
-0.361463
-0.360819
-0.360819
-0.361141
-0.361141
-0.360819
-0.360819
-0.361141
-0.361463
-0.361786
-0.361463
-0.361141
-0.360496
-0.361141
-0.360496
-0.361141
-0.361141
-0.361141
-0.361141
-0.361463
-0.362108
-0.361141
-0.360819
-0.361141
-0.360496
-0.361141
-0.360819
-0.360819
-0.361463
-0.361463
-0.361141
-0.362108
-0.361786
-0.361141
-0.361463
-0.360819
-0.361141
-0.361141
-0.361141
-0.360819
-0.360819
-0.361141
-0.362108
-0.361786
-0.361463
-0.361463
-0.361141
-0.361141
-0.361141
-0.361463
-0.360819
-0.361141
-0.361141
-0.361463
-0.361786
-0.361463
-0.361141
-0.361463
-0.360819
-0.361141
-0.360819
-0.360819
-0.361463
-0.361141
-0.360819
-0.361786
-0.361463
-0.361141
-0.361141
-0.360819
-0.360496
-0.360496
-0.360496
-0.360819
-0.361463
-0.360819
-0.361786
-0.361463
-0.361141
-0.361141
-0.361141
-0.360496
-0.360174
-0.360496
-0.360819
-0.361141
-0.360819
-0.360819
-0.362108
-0.361463
-0.361463
-0.361463
-0.361141
-0.360496
-0.360819
-0.361141
-0.361463
-0.361141
-0.361463
-0.361463
-0.362108
-0.361786
-0.361463
-0.361141
-0.361463
-0.361141
-0.361141
-0.361141
-0.361141
-0.361141
-0.361141
-0.361786
-0.361463
-0.361141
-0.361141
-0.360819
-0.360819
-0.360496
-0.361141
-0.361141
-0.360819
-0.360496
-0.361141
-0.361786
-0.361786
-0.361141
-0.361141
-0.360496
-0.361141
-0.360496
-0.361141
-0.361463
-0.360819
-0.361141
-0.361463
-0.361141
-0.361141
-0.361141
-0.361463
-0.360496
-0.360819
-0.361141
-0.360819
-0.360819
-0.361141
-0.361463
-0.362108
-0.361786
-0.361463
-0.361141
-0.360819
-0.360819
-0.360819
-0.361786
-0.361463
-0.361141
-0.361463
-0.362108
-0.361786
-0.361463
-0.361463
-0.361141
-0.361141
-0.361141
-0.361463
-0.360819
-0.361463
-0.360819
-0.361141
-0.361786
-0.361141
-0.361141
-0.360819
-0.360496
-0.360819
-0.360819
-0.360819
-0.360819
-0.361463
-0.360496
-0.361463
-0.362108
-0.361141
-0.361141
-0.361141
-0.360819
-0.361141
-0.361141
-0.360819
-0.360819
-0.361141
-0.362108
-0.362108
-0.361463
-0.361141
-0.361141
-0.360819
-0.360819
-0.360496
-0.361141
-0.361141
-0.360496
-0.361463
-0.361463
-0.361463
-0.361463
-0.361141
-0.360819
-0.360819
-0.361141
-0.360819
-0.360819
-0.361141
-0.360819
-0.362108
-0.361463
-0.361463
-0.360819
-0.360819
-0.360496
-0.361463
-0.361463
-0.361141
-0.361141
-0.361141
-0.361141
-0.361786
-0.361786
-0.361463
-0.360819
-0.360819
-0.361463
-0.361141
-0.361141
-0.361463
-0.361141
-0.361141
-0.361786
-0.361786
-0.361463
-0.361141
-0.361463
-0.360819
-0.360819
-0.361141
-0.361141
-0.361141
-0.361141
-0.362108
-0.361463
-0.361786
-0.361463
-0.360819
-0.360819
-0.360819
-0.360819
-0.360819
-0.361463
-0.361463
-0.361463
-0.361463
-0.361786
-0.361463
-0.361141
-0.361786
-0.361141
-0.361463
-0.361463
-0.361786
-0.361786
-0.360496
-0.361463
-0.361141
-0.361786
-0.361463
-0.360819
-0.360819
-0.360819
-0.361141
-0.361141
-0.361463
-0.361141
-0.361786
-0.361786
-0.362108
-0.361141
-0.361141
-0.360496
-0.360496
-0.360819
-0.360496
-0.361141
-0.360819
-0.361463
-0.361463
-0.361786
-0.360819
-0.361463
-0.360496
-0.360819
-0.360496
-0.360496
-0.361141
-0.361141
-0.361141
-0.361141
-0.362108
-0.362108
-0.361786
-0.361141
-0.361141
-0.360496
-0.360819
-0.361463
-0.361141
-0.360496
-0.361463
-0.361141
-0.362108
-0.361463
-0.361141
-0.361141
-0.360496
-0.360174
-0.360496
-0.360819
-0.360819
-0.361141
-0.361463
-0.362430
-0.362108
-0.361141
-0.361141
-0.360496
-0.360819
-0.361141
-0.360819
-0.360819
-0.360819
-0.360819
-0.361463
-0.362108
-0.361141
-0.361141
-0.361463
-0.360819
-0.360819
-0.361141
-0.361141
-0.361463
-0.361786
-0.360819
-0.362108
-0.361786
-0.361141
-0.360819
-0.361141
-0.360819
-0.360819
-0.360819
-0.360819
-0.361786
-0.361141
-0.362430
-0.362108
-0.361463
-0.361463
-0.361463
-0.360496
-0.361141
-0.361141
-0.361141
-0.361463
-0.360819
-0.362108
-0.361786
-0.360819
-0.360819
-0.361141
-0.360496
-0.361141
-0.360496
-0.360496
-0.361141
-0.361463
-0.361141
-0.361786
-0.361463
-0.361463
-0.361141
-0.360819
-0.360496
-0.360819
-0.360819
-0.361141
-0.360819
-0.360496
-0.361463
-0.362430
-0.361141
-0.360819
-0.360819
-0.360819
-0.360819
-0.361141
-0.361141
-0.360819
-0.360819
-0.361141
-0.362108
-0.361463
-0.360819
-0.360819
-0.360496
-0.360496
-0.360819
-0.360819
-0.361463
-0.360174
-0.360819
-0.361463
-0.361786
-0.361463
-0.361463
-0.361141
-0.361141
-0.360819
-0.361141
-0.361463
-0.361141
-0.360819
-0.360819
-0.362108
-0.362108
-0.361786
-0.360819
-0.361463
-0.361141
-0.360819
-0.361141
-0.360819
-0.360496
-0.361141
-0.361463
-0.360819
-0.361463
-0.360819
-0.360819
-0.360496
-0.360496
-0.361141
-0.361141
-0.360819
-0.361141
-0.361141
-0.362108
-0.362108
-0.361463
-0.361463
-0.361463
-0.360496
-0.361141
-0.361463
-0.361463
-0.360819
-0.360819
-0.361463
-0.362108
-0.361786
-0.361141
-0.361141
-0.360819
-0.360819
-0.360819
-0.361141
-0.360819
-0.361141
-0.361141
-0.361463
-0.361463
-0.360819
-0.361141
-0.360819
-0.360819
-0.360819
-0.361141
-0.361141
-0.361141
-0.361141
-0.361463
-0.361786
-0.361463
-0.361141
-0.360819
-0.360496
-0.360496
-0.361141
-0.361141
-0.361463
-0.361141
-0.361141
-0.361786
-0.361463
-0.361141
-0.361463
-0.361141
-0.360819
-0.361141
-0.360819
-0.361141
-0.360496
-0.361141
-0.361141
-0.361141
-0.361463
-0.360819
-0.360819
-0.360496
-0.360174
-0.360819
-0.360819
-0.360819
-0.360496
-0.361786
-0.361463
-0.361463
-0.361463
-0.361141
-0.360174
-0.360819
-0.361141
-0.360819
-0.361141
-0.360819
-0.361141
-0.361786
-0.361141
-0.360174
-0.361141
-0.360819
-0.360174
-0.360819
-0.360819
-0.361141
-0.360174
-0.360819
-0.361463
-0.361786
-0.361141
-0.361141
-0.361141
-0.360496
-0.360496
-0.360819
-0.361141
-0.361141
-0.361141
-0.360496
-0.362108
-0.362108
-0.361463
-0.361463
-0.361463
-0.360819
-0.360819
-0.360496
-0.361141
-0.361141
-0.360496
-0.361463
-0.362108
-0.361463
-0.361463
-0.360819
-0.361141
-0.361463
-0.361463
-0.361141
-0.361463
-0.360819
-0.360819
-0.361786
-0.361786
-0.361463
-0.360819
-0.360819
-0.360819
-0.361141
-0.361141
-0.360819
-0.361463
-0.361141
-0.361786
-0.362430
-0.361463
-0.361463
-0.360819
-0.360819
-0.360496
-0.361141
-0.360819
-0.361141
-0.361141
-0.361463
-0.361786
-0.361463
-0.360819
-0.360819
-0.360819
-0.360819
-0.360496
-0.361141
-0.360819
-0.361141
-0.360496
-0.361786
-0.361786
-0.360819
-0.360174
-0.360819
-0.360819
-0.360819
-0.360819
-0.360496
-0.361141
-0.360819
-0.361463
-0.361786
-0.361463
-0.360819
-0.360819
-0.361141
-0.360819
-0.361141
-0.360819
-0.360496
-0.361141
-0.361141
-0.361463
-0.361786
-0.361463
-0.360819
-0.360819
-0.360819
-0.360496
-0.361141
-0.361786
-0.361141
-0.360819
-0.361786
-0.362108
-0.361786
-0.361463
-0.361141
-0.360819
-0.360819
-0.360819
-0.361141
-0.361463
-0.361786
-0.361786
-0.361786
-0.362430
-0.361786
-0.361463
-0.361463
-0.361141
-0.361463
-0.361463
-0.361786
-0.361786
-0.361463
-0.361786
-0.362108
-0.361786
-0.361786
-0.361786
-0.361786
-0.360819
-0.361786
-0.361141
-0.361786
-0.361463
-0.361786
-0.362108
-0.361463
-0.361786
-0.361786
-0.361786
-0.361141
-0.361463
-0.360819
-0.361141
-0.361141
-0.361141
-0.361463
-0.362108
-0.361786
-0.361463
-0.360496
-0.360496
-0.360496
-0.361141
-0.360819
-0.360819
-0.362108
-0.361786
-0.362430
-0.362430
-0.361141
-0.361141
-0.361141
-0.361463
-0.361141
-0.361141
-0.361141
-0.361141
-0.360496
-0.361786
-0.362108
-0.361786
-0.361141
-0.361463
-0.360496
-0.360819
-0.361463
-0.361141
-0.361141
-0.361463
-0.361786
-0.361786
-0.361463
-0.361463
-0.360819
-0.361141
-0.360819
-0.361141
-0.361141
-0.361141
-0.361141
-0.361786
-0.361463
-0.361786
-0.361786
-0.361141
-0.361463
-0.360819
-0.361141
-0.361141
-0.361463
-0.361141
-0.361141
-0.360819
-0.361786
-0.362108
-0.360819
-0.360496
-0.360819
-0.360819
-0.360819
-0.360819
-0.361463
-0.360819
-0.360819
-0.362108
-0.361463
-0.362108
-0.361463
-0.360819
-0.360819
-0.361141
-0.361463
-0.361141
-0.360819
-0.360819
-0.362108
-0.361786
-0.361786
-0.361141
-0.360819
-0.360819
-0.360819
-0.360496
-0.361141
-0.361141
-0.361141
-0.360819
-0.361463
-0.361786
-0.361141
-0.360496
-0.361141
-0.360496
-0.360819
-0.361141
-0.361141
-0.360819
-0.360819
-0.361463
-0.361463
-0.361463
-0.361786
-0.360819
-0.361141
-0.360496
-0.360496
-0.361141
-0.361141
-0.360819
-0.360819
-0.361786
-0.361786
-0.361141
-0.361141
-0.360819
-0.360496
-0.360819
-0.361141
-0.361141
-0.360819
-0.360819
-0.361463
-0.362108
-0.361786
-0.361786
-0.360819
-0.361141
-0.360496
-0.360819
-0.361141
-0.361141
-0.361786
-0.360819
-0.362108
-0.362108
-0.361463
-0.361463
-0.361141
-0.360819
-0.361141
-0.361141
-0.361463
-0.361786
-0.361786
-0.361786
-0.362108
-0.361786
-0.361463
-0.361463
-0.361141
-0.360819
-0.361141
-0.361141
-0.361141
-0.361463
-0.361463
-0.361463
-0.362108
-0.361786
-0.361141
-0.361141
-0.360819
-0.361463
-0.361463
-0.361141
-0.361141
-0.361463
-0.361141
-0.361786
-0.361141
-0.361463
-0.360819
-0.360496
-0.360496
-0.360819
-0.360819
-0.360819
-0.361141
-0.361141
-0.361786
-0.361786
-0.361141
-0.361141
-0.360819
-0.360496
-0.360819
-0.360819
-0.361141
-0.360819
-0.361463
-0.361786
-0.361463
-0.360819
-0.360819
-0.360819
-0.360496
-0.360819
-0.360496
-0.360496
-0.360496
-0.360496
-0.361463
-0.361786
-0.361463
-0.361463
-0.361786
-0.360496
-0.360819
-0.360819
-0.360819
-0.361463
-0.361141
-0.360819
-0.361463
-0.361786
-0.361141
-0.361141
-0.360819
-0.360819
-0.360496
-0.361141
-0.361141
-0.361141
-0.361141
-0.362108
-0.362108
-0.361463
-0.361463
-0.361141
-0.361463
-0.360819
-0.360496
-0.361141
-0.360819
-0.361141
-0.360819
-0.361463
-0.361786
-0.361786
-0.361141
-0.361141
-0.360496
-0.360819
-0.361141
-0.360819
-0.361141
-0.361141
-0.361786
-0.361463
-0.361463
-0.361463
-0.361141
-0.360819
-0.360819
-0.361463
-0.361463
-0.361141
-0.361463
-0.360819
-0.361463
-0.361786
-0.361786
-0.361463
-0.361463
-0.361141
-0.360819
-0.361141
-0.360819
-0.360819
-0.361141
-0.361141
-0.362430
-0.361786
-0.361141
-0.360496
-0.360819
-0.360819
-0.361141
-0.361141
-0.360819
-0.360819
-0.361463
-0.361786
-0.362108
-0.361463
-0.361141
-0.361141
-0.360496
-0.360174
-0.361141
-0.361463
-0.361141
-0.361463
-0.361786
-0.362430
-0.361786
-0.361463
-0.360819
-0.360819
-0.360496
-0.360819
-0.361141
-0.361141
-0.361141
-0.360819
-0.361463
-0.360819
-0.360819
-0.360819
-0.360819
-0.360496
-0.360496
-0.360496
-0.360496
-0.360819
-0.360174
-0.361463
-0.361786
-0.361141
-0.360496
-0.360819
-0.360174
-0.360174
-0.360819
-0.361141
-0.360819
-0.361141
-0.361141
-0.361786
-0.362108
-0.361141
0.000000
3.000000
3.000000
3.000000
3.000000
3.000000
3.000000
3.000000
3.000000
3.000000
3.000000
3.000000
3.000000
3.000000
3.000000
3.000000
3.000000
3.000000
3.000000
3.000000
3.000000
3.000000
3.000000
3.000000
3.000000
3.000000
3.000000
3.000000
3.000000
3.000000
3.000000
3.000000
3.000000
3.000000
3.000000
3.000000
3.000000
3.000000
3.000000
3.000000
3.000000
3.000000
3.000000
3.000000
3.000000
3.000000
3.000000
3.000000
3.000000
3.000000
3.000000
3.000000
3.000000
3.000000
3.000000
3.000000
3.000000
3.000000
3.000000
3.000000
3.000000
3.000000
3.000000
3.000000
3.000000
3.000000
3.000000
3.000000
3.000000
3.000000
3.000000
3.000000
3.000000
3.000000
3.000000
3.000000
3.000000
3.000000
3.000000
3.000000
3.000000
3.000000
3.000000
3.000000
3.000000
3.000000
3.000000
3.000000
3.000000
3.000000
3.000000
3.000000
3.000000
3.000000
3.000000
3.000000
3.000000
3.000000
3.000000
3.000000
3.000000
3.000000
3.000000
3.000000
3.000000
3.000000
3.000000
3.000000
3.000000
3.000000
3.000000
3.000000
3.000000
3.000000
3.000000
3.000000
3.000000
3.000000
3.000000
3.000000
3.000000
3.000000
3.000000
3.000000
3.000000
3.000000
3.000000
3.000000
3.000000
3.000000
3.000000
3.000000
3.000000
3.000000
3.000000
3.000000
3.000000
3.000000
3.000000
3.000000
3.000000
3.000000
3.000000
3.000000
3.000000
3.000000
3.000000
3.000000
3.000000
3.000000
3.000000
3.000000
3.000000
3.000000
3.000000
3.000000
3.000000
3.000000
3.000000
3.000000
3.000000
3.000000
3.000000
3.000000
3.000000
3.000000
3.000000
3.000000
3.000000
3.000000
3.000000
3.000000
3.000000
3.000000
3.000000
3.000000
3.000000
3.000000
3.000000
3.000000
3.000000
3.000000
3.000000
3.000000
3.000000
3.000000
3.000000
3.000000
3.000000
3.000000
3.000000
3.000000
3.000000
3.000000
3.000000
3.000000
3.000000
3.000000
3.000000
3.000000
3.000000
3.000000
3.000000
3.000000
3.000000
3.000000
3.000000
3.000000
3.000000
3.000000
3.000000
3.000000
3.000000
3.000000
3.000000
3.000000
3.000000
3.000000
3.000000
3.000000
3.000000
3.000000
3.000000
3.000000
3.000000
3.000000
3.000000
3.000000
3.000000
3.000000
3.000000
3.000000
3.000000
3.000000
3.000000
3.000000
3.000000
3.000000
3.000000
3.000000
3.000000
3.000000
3.000000
3.000000
3.000000
3.000000
3.000000
3.000000
3.000000
3.000000
3.000000
3.000000
3.000000
3.000000
3.000000
3.000000
3.000000
3.000000
3.000000
3.000000
3.000000
3.000000
3.000000
3.000000
3.000000
3.000000
3.000000
3.000000
3.000000
3.000000
3.000000
3.000000
3.000000
3.000000
3.000000
3.000000
3.000000
3.000000
3.000000
3.000000
3.000000
3.000000
3.000000
3.000000
3.000000
3.000000
3.000000
3.000000
3.000000
3.000000
3.000000
3.000000
3.000000
3.000000
3.000000
3.000000
3.000000
3.000000
3.000000
3.000000
3.000000
3.000000
3.000000
3.000000
3.000000
3.000000
3.000000
3.000000
3.000000
3.000000
3.000000
3.000000
3.000000
3.000000
3.000000
3.000000
3.000000
3.000000
3.000000
3.000000
3.000000
3.000000
3.000000
3.000000
3.000000
3.000000
3.000000
3.000000
3.000000
3.000000
3.000000
3.000000
3.000000
3.000000
3.000000
3.000000
3.000000
3.000000
3.000000
3.000000
3.000000
3.000000
3.000000
3.000000
3.000000
3.000000
3.000000
3.000000
3.000000
3.000000
3.000000
3.000000
3.000000
3.000000
3.000000
3.000000
3.000000
3.000000
3.000000
3.000000
3.000000
3.000000
3.000000
3.000000
3.000000
3.000000
3.000000
3.000000
3.000000
3.000000
3.000000
3.000000
3.000000
3.000000
3.000000
3.000000
3.000000
3.000000
3.000000
3.000000
3.000000
3.000000
3.000000
3.000000
3.000000
3.000000
3.000000
3.000000
3.000000
3.000000
3.000000
3.000000
3.000000
3.000000
3.000000
3.000000
3.000000
3.000000
3.000000
3.000000
3.000000
3.000000
3.000000
3.000000
3.000000
3.000000
3.000000
3.000000
3.000000
3.000000
3.000000
3.000000
3.000000
3.000000
3.000000
3.000000
3.000000
3.000000
3.000000
3.000000
3.000000
3.000000
3.000000
3.000000
3.000000
3.000000
3.000000
3.000000
3.000000
3.000000
3.000000
3.000000
3.000000
3.000000
3.000000
3.000000
3.000000
3.000000
3.000000
3.000000
3.000000
3.000000
3.000000
3.000000
3.000000
3.000000
3.000000
3.000000
3.000000
3.000000
3.000000
3.000000
3.000000
3.000000
3.000000
3.000000
3.000000
3.000000
3.000000
3.000000
3.000000
3.000000
3.000000
3.000000
3.000000
3.000000
3.000000
3.000000
3.000000
3.000000
3.000000
3.000000
3.000000
3.000000
3.000000
3.000000
3.000000
3.000000
3.000000
3.000000
3.000000
3.000000
3.000000
3.000000
3.000000
3.000000
3.000000
3.000000
3.000000
3.000000
3.000000
3.000000
3.000000
3.000000
3.000000
3.000000
3.000000
3.000000
3.000000
3.000000
3.000000
3.000000
3.000000
3.000000
3.000000
3.000000
3.000000
3.000000
3.000000
3.000000
3.000000
3.000000
3.000000
3.000000
3.000000
3.000000
3.000000
3.000000
3.000000
3.000000
3.000000
3.000000
3.000000
3.000000
3.000000
3.000000
3.000000
3.000000
3.000000
3.000000
3.000000
3.000000
3.000000
3.000000
3.000000
3.000000
3.000000
3.000000
3.000000
3.000000
3.000000
3.000000
3.000000
3.000000
3.000000
3.000000
3.000000
3.000000
3.000000
3.000000
3.000000
3.000000
3.000000
3.000000
3.000000
3.000000
3.000000
3.000000
3.000000
3.000000
3.000000
3.000000
3.000000
3.000000
3.000000
3.000000
3.000000
3.000000
3.000000
3.000000
3.000000
3.000000
3.000000
3.000000
3.000000
3.000000
3.000000
3.000000
3.000000
3.000000
3.000000
3.000000
3.000000
3.000000
3.000000
3.000000
3.000000
3.000000
3.000000
3.000000
3.000000
3.000000
3.000000
3.000000
3.000000
3.000000
3.000000
3.000000
3.000000
3.000000
3.000000
3.000000
3.000000
3.000000
3.000000
3.000000
3.000000
3.000000
3.000000
3.000000
3.000000
3.000000
3.000000
3.000000
3.000000
3.000000
3.000000
3.000000
3.000000
3.000000
3.000000
3.000000
3.000000
3.000000
3.000000
3.000000
3.000000
3.000000
3.000000
3.000000
3.000000
3.000000
3.000000
3.000000
3.000000
3.000000
3.000000
3.000000
3.000000
3.000000
3.000000
3.000000
3.000000
3.000000
3.000000
3.000000
3.000000
3.000000
3.000000
3.000000
3.000000
3.000000
3.000000
3.000000
3.000000
3.000000
3.000000
3.000000
3.000000
3.000000
3.000000
3.000000
3.000000
3.000000
3.000000
3.000000
3.000000
3.000000
3.000000
3.000000
3.000000
3.000000
3.000000
3.000000
3.000000
3.000000
3.000000
3.000000
3.000000
3.000000
3.000000
3.000000
3.000000
3.000000
3.000000
3.000000
3.000000
3.000000
3.000000
3.000000
3.000000
3.000000
3.000000
3.000000
3.000000
3.000000
3.000000
3.000000
3.000000
3.000000
3.000000
3.000000
3.000000
3.000000
3.000000
3.000000
3.000000
3.000000
3.000000
3.000000
3.000000
3.000000
3.000000
3.000000
3.000000
3.000000
3.000000
3.000000
3.000000
3.000000
3.000000
3.000000
3.000000
3.000000
3.000000
3.000000
3.000000
3.000000
3.000000
3.000000
3.000000
3.000000
3.000000
3.000000
3.000000
3.000000
3.000000
3.000000
3.000000
3.000000
3.000000
3.000000
3.000000
3.000000
3.000000
3.000000
3.000000
3.000000
3.000000
3.000000
3.000000
3.000000
3.000000
3.000000
3.000000
3.000000
3.000000
3.000000
3.000000
3.000000
3.000000
3.000000
3.000000
3.000000
3.000000
3.000000
3.000000
3.000000
3.000000
3.000000
3.000000
3.000000
3.000000
3.000000
3.000000
3.000000
3.000000
3.000000
3.000000
3.000000
3.000000
3.000000
3.000000
3.000000
3.000000
3.000000
3.000000
3.000000
3.000000
3.000000
3.000000
3.000000
3.000000
3.000000
3.000000
3.000000
3.000000
3.000000
3.000000
3.000000
3.000000
3.000000
3.000000
3.000000
3.000000
3.000000
3.000000
3.000000
3.000000
3.000000
3.000000
3.000000
3.000000
3.000000
3.000000
3.000000
3.000000
3.000000
3.000000
3.000000
3.000000
3.000000
3.000000
3.000000
3.000000
3.000000
3.000000
3.000000
3.000000
3.000000
3.000000
3.000000
3.000000
3.000000
3.000000
3.000000
3.000000
3.000000
3.000000
3.000000
3.000000
3.000000
3.000000
3.000000
3.000000
3.000000
3.000000
3.000000
3.000000
3.000000
3.000000
3.000000
3.000000
3.000000
3.000000
3.000000
3.000000
3.000000
3.000000
3.000000
3.000000
3.000000
3.000000
3.000000
3.000000
3.000000
3.000000
3.000000
3.000000
3.000000
3.000000
3.000000
3.000000
3.000000
3.000000
3.000000
3.000000
3.000000
3.000000
3.000000
3.000000
3.000000
3.000000
3.000000
3.000000
3.000000
3.000000
3.000000
3.000000
3.000000
3.000000
3.000000
3.000000
3.000000
3.000000
3.000000
3.000000
3.000000
3.000000
3.000000
3.000000
3.000000
3.000000
3.000000
3.000000
3.000000
3.000000
3.000000
3.000000
3.000000
3.000000
3.000000
3.000000
3.000000
3.000000
3.000000
3.000000
3.000000
3.000000
3.000000
3.000000
3.000000
3.000000
3.000000
3.000000
3.000000
3.000000
3.000000
3.000000
3.000000
3.000000
3.000000
3.000000
3.000000
3.000000
3.000000
3.000000
3.000000
3.000000
3.000000
3.000000
3.000000
3.000000
3.000000
3.000000
3.000000
3.000000
3.000000
3.000000
3.000000
3.000000
3.000000
3.000000
3.000000
3.000000
3.000000
3.000000
3.000000
3.000000
3.000000
3.000000
3.000000
3.000000
3.000000
3.000000
3.000000
3.000000
3.000000
3.000000
3.000000
3.000000
3.000000
3.000000
3.000000
3.000000
3.000000
3.000000
3.000000
3.000000
3.000000
3.000000
3.000000
3.000000
3.000000
3.000000
3.000000
3.000000
3.000000
3.000000
3.000000
3.000000
3.000000
3.000000
3.000000
3.000000
3.000000
3.000000
3.000000
3.000000
3.000000
3.000000
3.000000
3.000000
3.000000
3.000000
3.000000
3.000000
3.000000
3.000000
3.000000
3.000000
3.000000
3.000000
3.000000
3.000000
3.000000
3.000000
3.000000
3.000000
3.000000
3.000000
3.000000
3.000000
3.000000
3.000000
0.000000
0.000000
0.000000
0.000000
0.000000
0.000000
0.000000
0.000000
0.000000
0.000000
0.000000
0.000000
0.000000
0.000000
0.000000
0.000000
0.000000
0.000000
0.000000
0.000000
0.000000
0.000000
0.000000
0.000000
0.000000
0.000000
0.000000
0.000000
0.000000
0.000000
0.000000
0.000000
0.000000
0.000000
0.000000
0.000000
0.000000
0.000000
0.000000
0.000000
0.000000
0.000000
0.000000
0.000000
0.000000
0.000000
0.000000
0.000000
0.000000
0.000000
0.000000
0.000000
0.000000
0.000000
0.000000
0.000000
0.000000
0.000000
0.000000
0.000000
0.000000
0.000000
0.000000
0.000000
0.000000
0.000000
0.000000
0.000000
0.000000
0.000000
0.000000
0.000000
0.000000
0.000000
0.000000
0.000000
0.000000
0.000000
0.000000
0.000000
0.000000
0.000000
0.000000
0.000000
0.000000
0.000000
0.000000
0.000000
0.000000
0.000000
0.000000
0.000000
0.000000
0.000000
0.000000
0.000000
0.000000
0.000000
0.000000
0.000000
0.000000
0.000000
0.000000
0.000000
0.000000
0.000000
0.000000
0.000000
0.000000
0.000000
0.000000
0.000000
0.000000
0.000000
0.000000
0.000000
0.000000
0.000000
0.000000
0.000000
0.000000
0.000000
0.000000
0.000000
0.000000
0.000000
0.000000
0.000000
0.000000
0.000000
0.000000
0.000000
0.000000
0.000000
0.000000
0.000000
0.000000
0.000000
0.000000
0.000000
0.000000
0.000000
0.000000
0.000000
0.000000
0.000000
0.000000
0.000000
0.000000
0.000000
0.000000
0.000000
0.000000
0.000000
0.000000
0.000000
0.000000
0.000000
0.000000
0.000000
0.000000
0.000000
0.000000
0.000000
0.000000
0.000000
0.000000
0.000000
0.000000
0.000000
0.000000
0.000000
0.000000
0.000000
0.000000
0.000000
0.000000
0.000000
0.000000
0.000000
0.000000
0.000000
0.000000
0.000000
0.000000
0.000000
0.000000
0.000000
0.000000
0.000000
0.000000
0.000000
0.000000
0.000000
0.000000
0.000000
0.000000
0.000000
0.000000
0.000000
0.000000
0.000000
0.000000
0.000000
0.000000
0.000000
0.000000
0.000000
0.000000
0.000000
0.000000
0.000000
0.000000
0.000000
0.000000
0.000000
0.000000
0.000000
0.000000
0.000000
0.000000
0.000000
0.000000
0.000000
0.000000
0.000000
0.000000
0.000000
0.000000
0.000000
0.000000
0.000000
0.000000
0.000000
0.000000
0.000000
0.000000
0.000000
0.000000
0.000000
0.000000
0.000000
0.000000
0.000000
0.000000
0.000000
0.000000
0.000000
0.000000
0.000000
0.000000
0.000000
0.000000
0.000000
0.000000
0.000000
0.000000
0.000000
0.000000
0.000000
0.000000
0.000000
0.000000
0.000000
0.000000
0.000000
0.000000
0.000000
0.000000
0.000000
0.000000
0.000000
0.000000
0.000000
0.000000
0.000000
0.000000
0.000000
0.000000
0.000000
0.000000
0.000000
0.000000
0.000000
0.000000
0.000000
0.000000
0.000000
0.000000
0.000000
0.000000
0.000000
0.000000
0.000000
0.000000
0.000000
0.000000
0.000000
0.000000
0.000000
0.000000
0.000000
0.000000
0.000000
0.000000
0.000000
0.000000
0.000000
0.000000
0.000000
0.000000
0.000000
0.000000
0.000000
0.000000
0.000000
0.000000
0.000000
0.000000
0.000000
0.000000
0.000000
0.000000
0.000000
0.000000
0.000000
0.000000
0.000000
0.000000
0.000000
0.000000
0.000000
0.000000
0.000000
0.000000
0.000000
0.000000
0.000000
0.000000
0.000000
0.000000
0.000000
0.000000
0.000000
0.000000
0.000000
0.000000
0.000000
0.000000
0.000000
0.000000
0.000000
0.000000
0.000000
0.000000
0.000000
0.000000
0.000000
0.000000
0.000000
0.000000
0.000000
0.000000
0.000000
0.000000
0.000000
0.000000
0.000000
0.000000
0.000000
0.000000
0.000000
0.000000
0.000000
0.000000
0.000000
0.000000
0.000000
0.000000
0.000000
0.000000
0.000000
0.000000
0.000000
0.000000
0.000000
0.000000
0.000000
0.000000
0.000000
0.000000
0.000000
0.000000
0.000000
0.000000
0.000000
0.000000
0.000000
0.000000
0.000000
0.000000
0.000000
0.000000
0.000000
0.000000
0.000000
0.000000
0.000000
0.000000
0.000000
0.000000
0.000000
0.000000
0.000000
0.000000
0.000000
0.000000
0.000000
0.000000
0.000000
0.000000
0.000000
0.000000
0.000000
0.000000
0.000000
0.000000
0.000000
0.000000
0.000000
0.000000
0.000000
0.000000
0.000000
0.000000
0.000000
0.000000
0.000000
0.000000
0.000000
0.000000
0.000000
0.000000
0.000000
0.000000
0.000000
0.000000
0.000000
0.000000
0.000000
0.000000
0.000000
0.000000
0.000000
0.000000
0.000000
0.000000
0.000000
0.000000
0.000000
0.000000
0.000000
0.000000
0.000000
0.000000
0.000000
0.000000
0.000000
0.000000
0.000000
0.000000
0.000000
0.000000
0.000000
0.000000
0.000000
0.000000
0.000000
0.000000
0.000000
0.000000
0.000000
0.000000
0.000000
0.000000
0.000000
0.000000
0.000000
0.000000
0.000000
0.000000
0.000000
0.000000
0.000000
0.000000
0.000000
0.000000
0.000000
0.000000
0.000000
0.000000
0.000000
0.000000
0.000000
0.000000
0.000000
0.000000
0.000000
0.000000
0.000000
0.000000
0.000000
0.000000
0.000000
0.000000
0.000000
0.000000
0.000000
0.000000
0.000000
0.000000
0.000000
0.000000
0.000000
0.000000
0.000000
0.000000
0.000000
0.000000
0.000000
0.000000
0.000000
0.000000
0.000000
0.000000
0.000000
0.000000
0.000000
0.000000
0.000000
0.000000
0.000000
0.000000
0.000000
0.000000
0.000000
0.000000
0.000000
0.000000
0.000000
0.000000
0.000000
0.000000
0.000000
0.000000
0.000000
0.000000
0.000000
0.000000
0.000000
0.000000
0.000000
0.000000
0.000000
0.000000
0.000000
0.000000
0.000000
0.000000
0.000000
0.000000
0.000000
0.000000
0.000000
0.000000
0.000000
0.000000
0.000000
0.000000
0.000000
0.000000
0.000000
0.000000
0.000000
0.000000
0.000000
0.000000
0.000000
0.000000
0.000000
0.000000
0.000000
0.000000
0.000000
0.000000
0.000000
0.000000
0.000000
0.000000
0.000000
0.000000
0.000000
0.000000
0.000000
0.000000
0.000000
0.000000
0.000000
0.000000
0.000000
0.000000
0.000000
0.000000
0.000000
0.000000
0.000000
0.000000
0.000000
0.000000
0.000000
0.000000
0.000000
0.000000
0.000000
0.000000
0.000000
0.000000
0.000000
0.000000
0.000000
0.000000
0.000000
0.000000
0.000000
0.000000
0.000000
0.000000
0.000000
0.000000
0.000000
0.000000
0.000000
0.000000
0.000000
0.000000
0.000000
0.000000
0.000000
0.000000
0.000000
0.000000
0.000000
0.000000
0.000000
0.000000
0.000000
0.000000
0.000000
0.000000
0.000000
0.000000
0.000000
0.000000
0.000000
0.000000
0.000000
0.000000
0.000000
0.000000
0.000000
0.000000
0.000000
0.000000
0.000000
0.000000
0.000000
0.000000
0.000000
0.000000
0.000000
0.000000
0.000000
0.000000
0.000000
0.000000
0.000000
0.000000
0.000000
0.000000
0.000000
0.000000
0.000000
0.000000
0.000000
0.000000
0.000000
0.000000
0.000000
0.000000
0.000000
0.000000
0.000000
0.000000
0.000000
0.000000
0.000000
0.000000
0.000000
0.000000
0.000000
0.000000
0.000000
0.000000
0.000000
0.000000
0.000000
0.000000
0.000000
0.000000
0.000000
0.000000
0.000000
0.000000
0.000000
0.000000
0.000000
0.000000
0.000000
0.000000
0.000000
0.000000
0.000000
0.000000
0.000000
0.000000
0.000000
0.000000
0.000000
0.000000
0.000000
0.000000
0.000000
0.000000
0.000000
0.000000
0.000000
0.000000
0.000000
0.000000
0.000000
0.000000
0.000000
0.000000
0.000000
0.000000
0.000000
0.000000
0.000000
0.000000
0.000000
0.000000
0.000000
0.000000
0.000000
0.000000
0.000000
0.000000
0.000000
0.000000
0.000000
0.000000
0.000000
0.000000
0.000000
0.000000
0.000000
0.000000
0.000000
0.000000
0.000000
0.000000
0.000000
0.000000
0.000000
0.000000
0.000000
0.000000
0.000000
0.000000
0.000000
0.000000
0.000000
0.000000
0.000000
0.000000
0.000000
0.000000
0.000000
0.000000
0.000000
0.000000
0.000000
0.000000
0.000000
0.000000
0.000000
0.000000
0.000000
0.000000
0.000000
0.000000
0.000000
0.000000
0.000000
0.000000
0.000000
0.000000
0.000000
0.000000
0.000000
0.000000
0.000000
0.000000
0.000000
0.000000
0.000000
0.000000
0.000000
0.000000
0.000000
0.000000
0.000000
0.000000
0.000000
0.000000
0.000000
0.000000
0.000000
0.000000
0.000000
0.000000
0.000000
0.000000
0.000000
0.000000
0.000000
0.000000
0.000000
0.000000
0.000000
0.000000
0.000000
0.000000
0.000000
0.000000
0.000000
0.000000
0.000000
0.000000
0.000000
0.000000
0.000000
0.000000
0.000000
0.000000
0.000000
0.000000
0.000000
0.000000
0.000000
0.000000
0.000000
0.000000
0.000000
0.000000
0.000000
0.000000
0.000000
0.000000
0.000000
0.000000
0.000000
0.000000
0.000000
0.000000
0.000000
0.000000
0.000000
0.000000
0.000000
0.000000
0.000000
0.000000
0.000000
0.000000
0.000000
0.000000
0.000000
0.000000
0.000000
0.000000
0.000000
0.000000
0.000000
0.000000
0.000000
0.000000
0.000000
0.000000
0.000000
0.000000
0.000000
0.000000
0.000000
0.000000
0.000000
0.000000
0.000000
0.000000
0.000000
0.000000
0.000000
0.000000
0.000000
0.000000
0.000000
0.000000
0.000000
0.000000
0.000000
0.000000
0.000000
0.000000
0.000000
0.000000
0.000000
0.000000
0.000000
0.000000
0.000000
0.000000
0.000000
0.000000
0.000000
0.000000
0.000000
0.000000
0.000000
0.000000
0.000000
0.000000
0.000000
0.000000
0.000000
0.000000
0.000000
0.000000
0.000000
0.000000
0.000000
0.000000
0.000000
0.000000
0.000000
0.000000
0.000000
0.000000
0.000000
0.000000
0.000000
0.000000
0.000000
0.000000
0.000000
0.000000
0.000000
0.000000
0.000000
0.000000
0.000000
0.000000
0.000000
0.000000
0.000000
0.000000
0.000000
0.000000
0.000000
0.000000
0.000000
0.000000
0.000000
0.000000
0.000000
0.000000
0.000000
0.000000
0.000000
0.000000
0.000000
0.000000
0.000000
0.000000
0.000000
0.000000
0.000000
0.000000
0.000000
0.000000
0.000000
0.000000
0.000000
0.000000
0.000000
0.000000
0.000000
0.000000
0.000000
0.000000
0.000000
0.000000
0.000000
0.000000
