-0.000198
-0.001165
-0.000843
-0.000521
-0.001165
-0.000198
-0.000843
-0.000521
0.000446
-0.000521
-0.001165
-0.000198
-0.000521
-0.001487
0.000124
-0.001165
-0.000521
0.000124
-0.000843
-0.000198
0.000124
-0.000843
-0.000198
-0.000521
-0.000843
-0.000198
-0.001165
-0.001487
-0.000198
-0.001810
-0.000521
0.000124
-0.001810
-0.000198
-0.000521
-0.000843
-0.000521
-0.000843
-0.001487
0.000446
-0.000521
-0.001165
-0.000198
-0.000843
-0.000521
0.000446
-0.000843
-0.000843
-0.000521
-0.001487
-0.000521
-0.000843
-0.000843
0.000124
-0.000198
-0.001487
-0.000521
-0.000843
-0.000521
-0.000521
-0.001165
-0.001810
0.000124
-0.001487
-0.000521
0.000124
-0.001165
0.000124
-0.000198
-0.001487
0.000124
-0.000843
-0.000843
-0.000843
-0.000521
-0.001165
0.000446
-0.001487
-0.000843
0.000768
-0.000843
-0.000521
0.000124
-0.001487
-0.000521
-0.000521
-0.000198
-0.000521
-0.000521
-0.000843
0.000446
-0.001810
-0.000843
0.000124
-0.001165
-0.001165
-0.000521
-0.001487
0.000124
0.000124
-0.000521
0.000124
-0.000198
-0.000521
0.000124
-0.001165
-0.001487
-0.000198
-0.001165
-0.000521
-0.000198
-0.001165
-0.000198
-0.000521
-0.001165
-0.000198
-0.000521
-0.001487
-0.000521
-0.000843
-0.000843
0.000446
-0.000521
-0.001165
-0.000198
-0.000843
-0.000843
-0.000521
-0.000843
-0.000843
-0.000521
-0.001165
-0.000521
-0.000521
-0.000521
0.000124
-0.000843
-0.000843
0.000124
-0.000843
-0.000843
-0.001165
-0.000843
-0.000198
-0.000198
-0.000843
-0.000521
-0.000198
-0.001487
-0.000198
-0.001165
-0.000843
-0.000198
-0.001165
-0.000521
-0.000198
-0.001165
-0.000198
0.000124
-0.000843
-0.000521
-0.000198
-0.001165
-0.000521
0.000768
-0.000843
-0.000198
-0.001165
-0.000521
0.000124
-0.000843
-0.000198
0.000124
-0.001165
-0.000198
-0.000843
-0.000843
-0.000198
-0.000843
-0.001487
0.000446
-0.000843
-0.001487
0.000124
-0.001165
-0.000843
-0.000198
-0.001810
-0.001165
0.000124
-0.001487
0.000124
-0.000198
-0.000521
-0.000521
-0.000843
-0.001487
-0.000521
-0.001487
-0.001165
-0.000198
-0.000843
-0.000521
0.000124
-0.000843
-0.000198
0.000124
-0.001165
-0.000198
-0.000521
-0.001487
0.000446
-0.000843
-0.000843
0.000446
-0.000843
-0.000843
-0.000521
-0.001165
-0.000521
-0.000198
-0.001487
0.000124
-0.000521
-0.001487
-0.001487
-0.000198
-0.001165
-0.000198
-0.000198
-0.000198
-0.000198
-0.001487
-0.000843
-0.000521
-0.000843
-0.000843
-0.000521
-0.001487
-0.000198
-0.000521
-0.001487
0.000124
-0.000521
-0.001165
-0.000198
-0.001165
-0.000521
0.000446
-0.000521
0.000124
-0.000521
-0.000843
-0.000521
-0.000198
0.871221
1.483214
1.508351
1.521886
0.851240
0.153202
0.137089
0.150946
0.168349
0.193808
0.225069
0.260196
0.297902
0.333674
0.364612
0.394261
0.429066
0.469027
0.516401
0.568287
0.625329
0.686560
0.750047
0.821592
0.893780
0.965969
1.040413
1.114858
1.188980
1.259558
1.328524
1.389111
1.448731
1.506740
1.560881
1.615667
1.665297
1.713638
1.762301
1.807097
1.851248
1.895399
1.937294
1.979834
2.022052
2.062013
2.102620
2.141614
2.179642
2.218637
2.255376
2.291793
2.327887
2.361081
2.394275
2.428114
2.460019
2.492246
2.524151
2.552833
2.584738
2.615032
2.643069
2.673041
2.699467
2.725893
2.752642
2.778424
2.803561
2.829020
2.853513
2.877683
2.902498
2.924413
2.948261
2.970498
2.990479
3.012071
3.032374
3.053000
3.073625
3.091994
3.111331
3.131634
3.150003
3.167406
3.185453
3.201889
3.217681
3.235083
3.249586
3.266666
3.281491
3.296315
3.312751
3.327898
3.341111
3.356580
3.369793
3.382040
3.395575
3.407821
3.420068
3.433926
3.444561
3.457129
3.471954
3.480333
3.492257
3.503536
3.513849
3.524806
3.533830
3.543176
3.554456
3.563479
3.572503
3.582816
3.591517
3.600863
3.610853
3.618588
3.626645
3.634701
3.642114
3.649848
3.657905
3.664995
3.673374
3.680464
3.687232
3.695289
3.701734
3.708502
3.715270
3.720426
3.726549
3.733317
3.738151
3.744596
3.750720
3.756521
3.762966
3.768122
3.772956
3.778113
3.781980
3.785203
3.789070
3.790037
3.790359
3.791326
3.789715
3.784881
3.776824
3.768767
3.760710
3.753942
3.745886
3.742663
3.738473
3.735251
3.731383
3.723004
3.716881
3.710436
3.701090
3.691421
3.680786
3.668540
3.657583
3.645336
3.632123
3.620199
3.608275
3.595384
3.584749
3.569280
3.558967
3.547043
3.533508
3.520617
3.508693
3.495480
3.482266
3.469376
3.456162
3.444883
3.431670
3.418134
3.406532
3.392352
3.378172
3.366248
3.352713
3.339177
3.325642
3.311784
3.298893
3.286325
3.271822
3.259254
3.246041
3.231216
3.218325
3.203501
3.190288
3.177074
3.162572
3.149037
3.136468
3.121966
3.107786
3.095539
3.079426
3.066857
3.053322
3.038175
3.024640
3.009493
2.995635
2.984033
2.967920
2.953740
2.940849
2.926669
2.911200
2.897987
2.882840
2.869627
2.855124
2.839333
2.825798
2.811940
2.797115
2.784224
2.769722
2.753931
2.740395
2.725571
2.710424
2.697211
2.681420
2.666595
2.653704
2.638880
2.624700
2.611164
2.595051
2.580871
2.566369
2.551222
2.537686
2.522217
2.507393
2.493535
2.478711
2.464208
2.450028
2.435204
2.420057
2.406199
2.390408
2.376228
2.361081
2.345612
2.331755
2.316930
2.302106
2.288570
2.273424
2.257954
2.243775
2.228628
2.213803
2.199946
2.183832
2.169007
2.154828
2.140003
2.126145
2.111321
2.097141
2.082639
2.067492
2.052667
2.039132
2.023018
2.008516
1.994981
1.979834
1.966621
1.953408
1.938906
1.926659
1.914091
1.900233
1.889276
1.877996
1.865428
1.855437
1.845447
1.835779
1.827400
1.818376
1.810964
1.803229
1.794528
1.787760
1.781637
1.774225
1.768102
1.761979
1.755533
1.751344
1.746187
1.740709
1.737164
1.731363
1.726529
1.723306
1.718794
1.714927
1.711382
1.706870
1.704614
1.701714
1.698169
1.695268
1.692368
1.689145
1.687534
1.684633
1.682055
1.679799
1.677221
1.674965
1.674321
1.672065
1.670776
1.668842
1.665942
1.665619
1.664008
1.661752
1.660785
1.657885
1.657240
1.656918
1.655307
1.654018
1.654018
1.652084
1.651762
1.651439
1.649184
1.648217
1.647250
1.645639
1.646283
1.645639
1.644350
1.644994
1.643705
1.642738
1.643060
1.641449
1.641127
1.641449
1.639515
1.639193
1.640482
1.638549
1.639515
1.638871
1.637904
1.637904
1.636937
1.636937
1.637582
1.635648
1.635004
1.635970
1.635326
1.635326
1.635970
1.635004
1.635004
1.635004
1.634037
1.634359
1.634037
1.632103
1.633070
1.632748
1.631781
1.633392
1.633070
1.632748
1.633392
1.631781
1.632425
1.633392
1.630814
1.631459
1.632103
1.631136
1.632748
1.632103
1.631459
1.631781
1.631459
1.631136
1.631459
1.630492
1.630170
1.630492
1.629525
1.630814
1.630492
1.630170
1.631136
1.630814
1.630492
1.631136
1.630492
1.629525
1.630492
1.629525
1.629847
1.630170
1.630492
1.630492
1.630814
1.629525
1.630492
1.630170
1.628880
1.629847
1.629847
1.628880
1.631136
1.630170
1.630170
1.630170
1.629203
1.629525
1.630170
1.628880
1.629203
1.629525
1.628880
1.629847
1.630170
1.629525
1.630492
1.629203
1.629525
1.630170
1.630170
1.629525
1.629525
1.629203
1.629203
1.629525
1.629525
1.630492
1.630170
1.628880
1.630170
1.629525
1.628880
1.629525
1.628558
1.628880
1.629847
1.629203
1.629525
1.630492
1.629203
1.629525
1.629847
1.628558
1.630170
1.629847
1.628558
1.629525
1.629525
1.629203
1.630492
1.629203
1.628880
1.629847
1.628880
1.629525
1.628880
1.628558
1.628880
1.629847
1.628558
1.630492
1.629847
1.629203
1.630170
1.629847
1.629525
1.630492
1.628558
1.629203
1.629847
1.629203
1.629847
1.630170
1.628880
1.630492
1.629847
1.628880
1.629847
1.629525
1.628880
1.629847
1.629525
1.629525
1.630814
1.630170
1.631136
1.630170
1.626947
1.629847
1.629847
1.628236
1.629525
1.629525
1.629203
1.630170
1.629847
1.629847
1.630492
1.629847
1.628880
1.630170
1.628880
1.629203
1.629847
1.628236
1.630170
1.630814
1.629525
1.629525
1.629525
1.629525
1.629847
1.629525
1.628236
1.629203
1.629203
1.629525
1.630170
1.629847
1.630492
1.630170
1.629525
1.630170
1.629847
1.629525
1.629525
1.629203
1.628236
1.630170
1.629847
1.629525
1.630170
1.629525
1.629847
1.630170
1.629847
1.629203
1.629203
1.628880
1.629847
1.630170
1.629525
1.630814
1.629525
1.629203
1.630170
1.628880
1.629525
1.629525
1.628558
1.629203
1.630170
1.628880
1.630170
1.629525
1.629525
1.629847
1.630170
1.629525
1.630492
1.628558
1.629525
1.630170
1.628880
1.630170
1.630170
1.629847
1.630170
1.629847
1.629525
1.629525
1.629203
1.628880
1.630170
1.629525
1.629847
1.630492
1.629525
1.629525
1.630170
1.629525
1.629525
1.629525
1.628558
1.629203
1.630170
1.628558
1.629847
1.629203
1.629203
1.629525
1.629525
1.628880
1.630170
1.627914
1.628558
1.629525
1.628558
1.629847
1.630170
1.628558
1.629847
1.629525
1.629525
1.630492
1.628880
1.628558
1.629847
1.628880
1.629847
1.630492
1.629525
1.629847
1.629847
1.629203
1.629847
1.629525
1.628236
1.629203
1.629525
1.629525
1.630170
1.629847
1.628880
1.630492
1.628880
1.629203
1.630170
1.628558
1.628880
1.629525
1.629203
1.629847
1.629847
1.629525
1.630170
1.629525
1.629525
1.630170
1.629203
1.628236
1.630170
1.628558
1.630170
1.630492
1.628880
1.630170
1.630170
1.628558
1.629847
1.629847
1.628880
1.629525
1.628880
1.629203
1.630170
1.629203
1.629847
1.629525
1.625980
1.630492
1.630492
1.628880
1.629525
1.628880
1.628880
1.630814
1.629525
1.629203
1.630170
1.629203
1.629525
1.630170
1.629203
1.628558
1.629847
1.628880
1.629203
1.629525
1.630170
1.630170
1.629525
1.629525
1.630492
1.629525
1.629203
1.629203
1.628880
1.629525
1.629847
1.629525
1.630170
1.630170
1.629203
1.629847
1.629847
1.628880
1.629525
1.628558
1.628880
1.629847
1.629847
1.629847
1.630492
1.629525
1.628880
1.630170
1.629203
1.630170
1.629203
1.628558
1.629525
1.629525
1.628880
1.630492
1.630170
1.629847
1.630170
1.628558
1.628880
1.629203
1.627914
1.628880
1.630492
1.628880
1.629847
1.630170
1.629525
1.630170
