-0.000521
-0.000198
0.000124
-0.000198
-0.000198
-0.000521
-0.000521
-0.000198
-0.001810
-0.000843
0.000124
-0.001487
-0.000198
0.000124
-0.000843
-0.000198
-0.000521
-0.001165
-0.000198
-0.000843
-0.000521
0.000124
-0.001487
-0.000521
-0.000521
-0.000843
-0.000521
-0.000843
-0.001165
-0.000843
-0.002454
-0.001487
-0.000521
-0.000198
-0.000521
0.000124
-0.000198
-0.000843
0.000768
-0.000843
-0.000521
-0.000843
-0.001165
-0.000521
-0.000843
-0.001165
-0.000521
-0.001165
-0.000843
-0.000521
-0.000198
-0.000843
-0.000521
-0.000843
-0.000843
-0.000198
-0.000843
-0.000521
0.000124
-0.000843
-0.000198
-0.000198
-0.000521
-0.000198
-0.000521
-0.001165
-0.000521
-0.000521
0.000124
-0.000198
-0.000843
-0.000521
0.000124
-0.000843
-0.000521
-0.000198
-0.000843
-0.000198
-0.000198
-0.001487
-0.000843
-0.001487
-0.000521
0.000446
-0.001165
-0.000843
0.000446
-0.000521
-0.001165
-0.000843
-0.001165
-0.000198
0.000446
-0.001165
-0.000198
-0.000198
-0.000521
0.000124
-0.001165
-0.000198
-0.000843
-0.001165
-0.001487
0.000124
-0.001165
-0.000521
-0.000521
-0.000843
-0.000521
-0.000198
-0.000843
-0.000198
-0.001165
-0.001165
0.000124
-0.000521
-0.000843
0.000124
-0.000521
-0.000843
-0.000521
-0.001165
-0.000198
-0.000521
-0.001810
-0.000198
-0.000198
-0.001165
0.000124
-0.000198
-0.000843
0.000124
-0.000843
-0.000198
0.000124
-0.000843
-0.000521
-0.000198
-0.001165
0.001413
-0.000198
-0.000521
0.000124
-0.000521
-0.000843
-0.000198
-0.001487
-0.000521
0.000124
-0.000521
-0.000198
-0.000198
-0.000521
-0.000198
-0.001165
-0.001810
0.000124
-0.000521
-0.000843
0.000124
-0.001487
-0.000843
0.000446
0.000124
-0.000198
-0.000198
-0.000521
-0.000198
0.000446
-0.001487
-0.002132
-0.000198
-0.000843
-0.000198
0.000124
-0.001165
-0.000521
-0.001165
-0.000521
0.000446
-0.001487
-0.000843
-0.000521
-0.000843
0.000124
-0.000198
-0.001165
0.001091
-0.000843
-0.000521
0.000124
-0.001165
-0.001487
-0.000843
-0.000521
-0.000843
-0.000521
-0.000521
-0.000521
0.000446
-0.001165
0.000446
0.000124
-0.000521
-0.000198
-0.000843
-0.000843
0.000124
-0.000521
-0.001165
0.000124
-0.000521
0.000124
-0.000198
-0.000198
-0.000521
-0.000843
-0.000521
-0.000521
-0.000521
-0.000521
0.000446
-0.000843
-0.001165
0.000446
-0.000198
-0.001165
-0.000521
-0.001165
-0.000521
-0.000521
-0.000843
0.000446
-0.000198
-0.000843
-0.000198
-0.000521
-0.000198
0.000124
-0.000843
-0.000843
-0.000198
-0.000521
-0.000198
-0.000198
-0.001165
-0.000521
0.000446
-0.000843
-0.000521
-0.000521
-0.001165
-0.000198
-0.000198
-0.000521
0.000124
0.273732
0.305959
0.308214
0.308537
0.111629
0.093260
0.099383
0.112274
0.122264
0.132577
0.150302
0.172216
0.192519
0.214111
0.227002
0.241182
0.262130
0.284044
0.308537
0.335607
0.360422
0.386204
0.411663
0.433900
0.454203
0.470961
0.484496
0.495454
0.499965
0.500288
0.501577
0.501899
0.502866
0.503510
0.502544
0.503188
0.503833
0.502866
0.503188
0.504477
0.502544
0.502544
0.502544
0.502221
0.502866
0.502221
0.502866
0.502866
0.501899
0.502544
0.502544
0.501577
0.501577
0.501899
0.500610
0.501899
0.501254
0.499965
0.501254
0.500288
0.499965
0.500610
0.499643
0.498354
0.499321
0.497387
0.498032
0.498354
0.497387
0.497387
0.497710
0.496098
0.496098
0.496098
0.494165
0.495131
0.494487
0.494165
0.494165
0.493842
0.492553
0.493198
0.492231
0.491909
0.491909
0.490942
0.489975
0.489653
0.489330
0.488686
0.489008
0.488364
0.488364
0.486430
0.486430
0.486752
0.485463
0.484819
0.484819
0.483530
0.484174
0.483852
0.482885
0.482241
0.481918
0.479985
0.481918
0.479985
0.479985
0.479985
0.477729
0.478051
0.479018
0.477084
0.477084
0.477406
0.476117
0.475795
0.475473
0.474184
0.474506
0.472572
0.472250
0.472895
0.472250
0.471606
0.472572
0.470317
0.469994
0.470639
0.469350
0.469350
0.467738
0.467094
0.467416
0.466772
0.466127
0.466449
0.465805
0.464838
0.465160
0.463871
0.463227
0.463227
0.460971
0.460971
0.462582
0.460648
0.461615
0.460648
0.459037
0.459682
0.459359
0.458070
0.459037
0.456781
0.456137
0.457748
0.456459
0.456137
0.456781
0.455170
0.456781
0.455170
0.454203
0.455170
0.453558
0.452269
0.453236
0.452914
0.452592
0.453236
0.451947
0.452592
0.452914
0.451625
0.450980
0.451947
0.450336
0.450336
0.450336
0.449691
0.450336
0.450336
0.449691
0.450658
0.449047
0.449047
0.450013
0.448402
0.447758
0.448080
0.447435
0.448402
0.448724
0.447435
0.448402
0.448080
0.447113
0.448080
0.447113
0.446791
0.447113
0.445824
0.446468
0.446791
0.446468
0.446791
0.446468
0.445824
0.446146
0.446468
0.444857
0.445179
0.445824
0.445502
0.445824
0.444857
0.445179
0.446146
0.444857
0.444857
0.444857
0.444857
0.444535
0.443890
0.444213
0.444213
0.444857
0.444857
0.444857
0.444535
0.443890
0.443890
0.443890
0.442924
0.443568
0.442601
0.443568
0.444535
0.442601
0.443568
0.444535
0.442601
0.443246
0.443890
0.442924
0.442924
0.441957
0.442279
0.442924
0.442279
0.443246
0.443890
0.442601
0.442601
0.443568
0.442279
0.442279
0.442279
0.441634
0.442601
0.442924
0.442601
0.442924
0.442601
0.441957
0.442279
0.442279
0.443246
0.442279
0.440990
0.441634
0.441957
0.441634
0.442924
0.442279
0.441957
0.442279
0.441957
0.441634
0.442279
0.441312
0.440668
0.441312
0.441312
0.441957
0.442279
0.441634
0.441312
0.441634
0.440990
0.442279
0.440990
0.440023
0.441312
0.441634
0.440990
0.442601
0.441634
0.441312
0.441634
0.440668
0.441634
0.441957
0.440668
0.440668
0.441312
0.440668
0.442279
0.441957
0.440990
0.441957
0.441312
0.441312
0.441957
0.440668
0.440990
0.441634
0.440668
0.441312
0.441634
0.440990
0.441634
0.440668
0.440990
0.441634
0.440990
0.441634
0.440990
0.439701
0.440345
0.441634
0.440990
0.440990
0.441957
0.440668
0.441312
0.440668
0.440023
0.440345
0.440668
0.440345
0.440990
0.440990
0.441957
0.441312
0.440023
0.440668
0.440990
0.440668
0.440668
0.440345
0.440023
0.440990
0.440990
0.440990
0.440990
0.440990
0.440023
0.441312
0.440668
0.440023
0.440668
0.440023
0.440668
0.440990
0.440668
0.441634
0.440990
0.440990
0.440990
0.440990
0.440668
0.440990
0.440345
0.440345
0.441634
0.440668
0.441312
0.441634
0.440990
0.440990
0.440668
0.440668
0.440345
0.440668
0.439701
0.440668
0.440990
0.440668
0.441312
0.440668
0.440023
0.440990
0.440345
0.440990
0.440345
0.440023
0.440990
0.440990
0.440023
0.441312
0.441312
0.440023
0.440990
0.440990
0.440345
0.440990
0.439701
0.440023
0.440668
0.440990
0.440990
0.441312
0.440990
0.441312
0.440990
0.440345
0.440668
0.439701
0.440023
0.440990
0.440990
0.440668
0.441312
0.440990
0.440345
0.440668
0.440345
0.440990
0.440668
0.439379
0.440668
0.440668
0.440668
0.441634
0.440668
0.440345
0.441634
0.440023
0.441312
0.440990
0.439701
0.440668
0.440668
0.440023
0.440668
0.441312
0.442601
0.440990
0.442279
0.440345
0.441312
0.440345
0.440668
0.440668
0.440668
0.440345
0.440990
0.440668
0.441312
0.441312
0.440345
0.440990
0.440668
0.439701
0.440345
0.440345
0.440345
0.441957
0.440990
0.440990
0.440990
0.440345
0.440668
0.440990
0.439379
0.440345
0.441634
0.440345
0.441312
0.441312
0.441312
0.441312
0.440990
0.440668
0.441312
0.440668
0.440345
0.440990
0.440023
0.440668
0.441634
0.440668
0.441312
0.440990
0.440668
0.441634
0.441312
0.440668
0.440668
0.440345
0.440668
0.440990
0.440345
0.440668
0.440990
0.440668
0.440668
0.441634
0.440023
0.440668
0.440345
0.440023
0.440990
0.440668
0.440990
0.440990
0.440023
0.440668
0.441634
0.440668
0.440990
0.440990
0.440345
0.440668
0.441312
0.440668
0.441312
0.440668
0.440023
0.440990
0.440990
0.440668
0.440668
0.439701
0.439701
0.440990
0.440023
0.441312
0.441634
0.440345
0.440990
0.440345
0.440668
0.440668
0.440023
0.440023
0.440668
0.440668
0.440345
0.441634
0.439701
0.440668
0.441312
0.440345
0.440990
0.440345
0.439701
0.440668
0.440668
0.440345
0.441312
0.440668
0.440668
0.440668
0.440345
0.440668
0.440668
0.439379
0.440345
0.441312
0.440668
0.441312
0.440990
0.440345
0.441312
0.440345
0.440023
0.440990
0.440023
0.440668
0.441312
0.440023
0.440668
0.441312
0.440668
0.441312
0.440668
0.440345
0.440990
0.440668
0.439379
0.440990
0.440668
0.440990
0.442279
0.440668
0.440990
0.441312
0.440023
0.440345
0.441312
0.440023
0.440668
0.440023
0.439701
0.440345
0.441312
0.440668
0.441312
0.440345
0.440668
0.439379
0.439379
0.441957
0.440345
0.440023
0.440668
0.441312
0.440668
0.440668
0.440668
0.440023
0.440990
0.440668
0.440023
0.439701
0.440668
0.440990
0.438734
0.440668
0.440668
0.440668
0.440023
0.440668
0.440668
0.440023
0.440023
0.440023
0.439379
0.440990
0.440990
0.440668
0.440990
0.440990
0.440668
0.441312
0.440345
0.440345
0.440023
0.440023
0.440990
0.440668
0.440345
0.440990
0.440023
0.440345
0.440990
0.440345
0.440345
0.440023
0.439379
0.440023
0.440668
0.440023
0.440668
0.440990
0.440345
0.440668
0.440990
0.440345
0.440345
0.439379
0.439701
0.441634
0.440023
0.440345
0.440990
0.440023
0.440668
0.440990
0.440023
0.440990
0.440023
0.439701
0.440990
0.440668
0.440668
0.441957
0.440345
0.440023
0.441312
0.440023
0.440345
0.440668
0.439056
0.440345
0.440668
0.440023
0.440990
0.440990
0.440023
0.440668
0.440345
0.440668
0.440668
0.439701
0.440023
0.441312
0.440668
0.440990
0.440990
0.440345
0.440990
0.440668
0.439701
0.441312
0.440023
0.440023
0.440668
0.440023
0.440668
0.441957
0.440668
0.440990
0.440990
0.440345
0.440990
0.440668
0.439379
0.440668
0.440668
0.440345
0.440990
0.440668
0.440668
0.441634
0.440345
0.440023
0.441312
0.440023
0.440023
0.440023
0.440023
0.441312
0.441312
0.438412
0.441312
0.441312
0.440668
0.440990
0.440668
0.440023
0.440345
0.440023
0.440668
0.440990
0.440990
0.440990
0.440668
0.440345
0.441312
0.440990
0.440668
0.440668
0.440668
