-0.001487
-0.000521
0.000124
-0.001165
-0.000521
-0.000843
-0.000843
0.000124
-0.001487
-0.000843
-0.000198
-0.001165
-0.000521
-0.000198
-0.001487
-0.001165
-0.000521
-0.001165
-0.000198
-0.000198
-0.000521
0.000124
-0.000521
-0.000843
0.000124
-0.000521
-0.001487
-0.000198
-0.001165
-0.000843
-0.000521
-0.000843
0.000768
-0.000521
-0.000843
0.000124
-0.000198
-0.001487
-0.000198
-0.001165
-0.000843
-0.000521
-0.001165
-0.000198
-0.000198
-0.000843
-0.000843
-0.000198
-0.000198
-0.000198
-0.001165
-0.001487
-0.000198
-0.000843
-0.000843
0.000124
-0.000521
-0.000521
0.000768
-0.000843
-0.000843
-0.000521
-0.000843
-0.000198
-0.000521
-0.001165
-0.000198
-0.000521
-0.000521
-0.000198
-0.000843
-0.000521
-0.000521
-0.001810
-0.000843
0.000446
-0.001165
0.000124
-0.000521
-0.000843
-0.000843
-0.000521
-0.001487
0.000124
-0.000843
-0.001165
-0.000198
-0.000843
-0.000843
-0.000198
-0.000843
-0.000198
-0.000521
-0.001165
0.000124
-0.000198
-0.001487
-0.001165
-0.000521
-0.000843
-0.000198
-0.000521
-0.000843
-0.000198
-0.001165
-0.001165
0.000446
-0.001165
-0.000843
-0.000198
-0.001165
0.000446
-0.000843
-0.000843
0.000124
-0.000198
-0.001165
-0.000198
-0.002132
-0.000198
-0.000198
-0.001165
-0.000521
0.000124
-0.000843
-0.000521
-0.000198
-0.001487
-0.000198
-0.000198
-0.001487
-0.000521
-0.001165
-0.001810
-0.000198
-0.000521
-0.000521
-0.000198
0.000124
-0.000198
-0.000198
-0.001487
-0.001165
-0.000521
-0.001165
-0.000521
-0.000198
0.000124
0.000124
-0.000521
-0.002454
0.000768
-0.000521
-0.000843
-0.000198
-0.001487
-0.000521
-0.000843
-0.001165
0.000124
0.000124
-0.000198
0.000446
-0.000198
-0.001165
-0.000198
-0.001487
-0.000198
-0.000198
-0.000843
-0.000843
-0.000198
-0.001165
-0.000198
0.000446
-0.000521
-0.000521
-0.000198
-0.000198
0.000124
-0.001487
-0.001165
0.000124
-0.000843
-0.000198
-0.000198
-0.001165
-0.000521
-0.000521
-0.001165
-0.000198
0.000124
-0.000521
0.000124
-0.001165
-0.000843
-0.000198
-0.000843
-0.000843
-0.000521
-0.001165
-0.000521
0.000124
-0.000843
0.000446
0.000446
-0.001165
-0.000198
-0.000843
-0.000521
-0.000843
-0.001487
-0.001165
-0.000198
-0.000521
-0.000521
-0.000843
-0.001487
-0.000521
-0.000198
-0.001165
-0.000521
-0.000843
-0.001487
-0.000843
-0.000521
-0.001487
0.000446
-0.000843
-0.000843
-0.000521
-0.000521
0.000124
0.000124
-0.001810
-0.000521
-0.000198
-0.001165
-0.000198
-0.000521
-0.000521
0.000124
-0.000521
-0.000521
-0.000521
-0.001810
-0.001165
0.000124
-0.000521
-0.000521
0.000124
-0.001810
-0.000198
-0.000843
-0.000843
-0.000521
0.254718
0.335607
0.341086
0.341408
0.151591
0.107440
0.111952
0.123231
0.133544
0.140312
0.154491
0.173828
0.196709
0.216690
0.237959
0.250206
0.269864
0.291456
0.316916
0.345276
0.371379
0.400062
0.428099
0.454848
0.480307
0.504477
0.524136
0.542505
0.555718
0.564097
0.568931
0.567642
0.563130
0.555396
0.543472
0.528647
0.513179
0.494809
0.476762
0.457748
0.437123
0.417464
0.398772
0.379436
0.363000
0.347209
0.332707
0.320783
0.309181
0.301124
0.295001
0.289200
0.285656
0.285011
0.283400
0.286300
0.288556
0.291779
0.296613
0.301769
0.307570
0.314660
0.320783
0.327228
0.334641
0.339797
0.345276
0.351721
0.355910
0.360745
0.364290
0.365901
0.369446
0.371702
0.372024
0.373313
0.372346
0.371057
0.370413
0.368157
0.365579
0.363967
0.360422
0.357522
0.355588
0.351721
0.349787
0.347209
0.343020
0.341731
0.338830
0.335930
0.333996
0.331418
0.329484
0.329484
0.327551
0.326262
0.326584
0.326262
0.325295
0.325617
0.324328
0.325939
0.325617
0.325295
0.326584
0.326906
0.326906
0.328840
0.328840
0.328517
0.330129
0.329484
0.329162
0.330451
0.328840
0.329484
0.330129
0.329484
0.330129
0.330451
0.328840
0.329162
0.327873
0.326906
0.327873
0.325939
0.324650
0.324328
0.323683
0.323361
0.323361
0.321428
0.321750
0.321428
0.319494
0.319172
0.318527
0.316916
0.317238
0.314982
0.315949
0.316593
0.315949
0.315304
0.315304
0.314338
0.314660
0.314338
0.313049
0.321750
0.313693
0.312726
0.313371
0.313371
0.313049
0.313371
0.312404
0.313371
0.313371
0.312726
0.312404
0.312726
0.312726
0.313371
0.314338
0.313693
0.314015
0.314015
0.313371
0.314982
0.313693
0.313693
0.313693
0.314015
0.314015
0.314660
0.313693
0.314660
0.314338
0.314015
0.314338
0.314660
0.313371
0.313693
0.313371
0.313693
0.314982
0.313693
0.314015
0.314015
0.313693
0.313693
0.314338
0.313371
0.313371
0.313371
0.312404
0.313693
0.313693
0.313049
0.314338
0.313693
0.313049
0.314015
0.313371
0.313693
0.313049
0.312082
0.312726
0.313049
0.313049
0.313693
0.314015
0.313693
0.313693
0.314015
0.315304
0.314015
0.312726
0.312726
0.314015
0.313693
0.314015
0.314660
0.314015
0.313693
0.314660
0.313371
0.314015
0.314015
0.312726
0.314015
0.313693
0.312404
0.314338
0.313371
0.313693
0.314338
0.312726
0.313693
0.314015
0.312082
0.312726
0.313693
0.312726
0.314015
0.314015
0.313049
0.314015
0.313693
0.312726
0.313371
0.312404
0.312404
0.314015
0.312404
0.313049
0.314982
0.313371
0.313371
0.313371
0.313049
0.315627
0.313049
0.312404
0.313371
0.313049
0.313049
0.314015
0.313693
0.313049
0.314338
0.312726
0.314015
0.314015
0.312404
0.313693
0.313693
0.313371
0.314660
0.314015
0.313693
0.314015
0.313371
0.314015
0.314338
0.312404
0.312726
0.313049
0.312404
0.313049
0.313693
0.313049
0.314015
0.313371
0.312726
0.313049
0.313049
0.312404
0.313371
0.312726
0.313049
0.313693
0.313693
0.313371
0.313693
0.312404
0.313693
0.313371
0.313049
0.313049
0.313049
0.312404
0.313693
0.313371
0.313693
0.313693
0.313049
0.313371
0.314338
0.313371
0.313049
0.312404
0.312404
0.313693
0.314015
0.313371
0.313693
0.313693
0.313371
0.313693
0.313693
0.312726
0.313371
0.312726
0.312726
0.314015
0.313049
0.314015
0.313693
0.312726
0.314015
0.313693
0.312726
0.313049
0.312082
0.312404
0.313371
0.312404
0.313371
0.313049
0.312404
0.313371
0.313049
0.312726
0.313049
0.312726
0.312082
0.313049
0.313371
0.313049
0.314015
0.312726
0.313049
0.314015
0.313371
0.313371
0.312404
0.312082
0.313049
0.313693
0.312082
0.314015
0.313371
0.313049
0.313693
0.313693
0.313371
0.313693
0.312726
0.312404
0.313693
0.313371
0.314338
0.313693
0.313693
0.313371
0.314015
0.313049
0.313693
0.313371
0.313049
0.313371
0.313693
0.313693
0.314338
0.313049
0.314015
0.314015
0.313371
0.314338
0.313371
0.312082
0.313693
0.313049
0.313693
0.314338
0.313371
0.313371
0.313693
0.312726
0.313371
0.314015
0.312082
0.313049
0.312726
0.313049
0.313693
0.313693
0.313049
0.313693
0.313049
0.313371
0.314015
0.313049
0.312082
0.313049
0.312726
0.313049
0.313693
0.313049
0.313693
0.314015
0.312726
0.313049
0.314015
0.312404
0.313049
0.312726
0.313371
0.314338
0.313371
0.313693
0.314015
0.313049
0.313693
0.313371
0.313049
0.312726
0.313371
0.312404
0.313693
0.314015
0.313693
0.314338
0.313693
0.313371
0.314015
0.312726
0.312726
0.312726
0.313049
0.313693
0.312726
0.313049
0.314338
0.313371
0.313049
0.314015
0.313371
0.313049
0.313049
0.313049
0.312726
0.314338
0.314015
0.314660
0.314015
0.313049
0.314338
0.313371
0.313049
0.313049
0.313049
0.312404
0.314015
0.313371
0.313049
0.313693
0.312404
0.312404
0.313049
0.312404
0.313049
0.312082
0.312082
0.313049
0.313371
0.313049
0.314338
0.313049
0.313049
0.314015
0.313693
0.313371
0.313693
0.312404
0.313371
0.313693
0.313371
0.314982
0.314015
0.312726
0.314015
0.313049
0.313371
0.314015
0.312404
0.312726
0.313693
0.313049
0.313371
0.314015
0.313371
0.314015
0.314338
0.312726
0.314015
0.313049
0.312404
0.313371
0.312404
0.313371
0.314338
0.313049
0.313049
0.313371
0.313049
0.313049
0.313693
0.312404
0.313049
0.313049
0.312726
0.313693
0.313371
0.313371
0.314015
0.313371
0.313371
0.314660
0.312404
0.311759
0.312726
0.312726
0.313371
0.313371
0.313371
0.314015
0.313049
0.312726
0.313371
0.312726
0.311759
0.313049
0.312404
0.313371
0.314015
0.314660
0.313693
0.314015
0.313049
0.313371
0.314338
0.312082
0.313049
0.313049
0.313049
0.314015
0.313371
0.313693
0.314660
0.313049
0.313371
0.314338
0.312726
0.313049
0.312404
0.312082
0.313693
0.314015
0.313049
0.313693
0.313049
0.313049
0.314338
0.312404
0.312404
0.312726
0.312404
0.312726
0.313693
0.312404
0.314660
0.313371
0.312404
0.314338
0.313371
0.313693
0.313371
0.311759
0.312726
0.314015
0.313371
0.313049
0.313693
0.312726
0.313371
0.314015
0.312726
0.313371
0.313371
0.312726
0.314015
0.313371
0.313693
0.314338
0.313371
0.313371
0.314660
0.313371
0.313693
0.313049
0.312404
0.313371
0.314015
0.313371
0.314338
0.314015
0.313371
0.314015
0.313049
0.312726
0.313371
0.312404
0.312726
0.313371
0.313049
0.314338
0.314015
0.312726
0.313693
0.313371
0.313371
0.314015
0.313049
0.313049
0.314015
0.313049
0.313371
0.314338
0.313371
0.313371
0.313693
0.313049
0.314338
0.312726
0.312726
0.313371
0.313049
0.313371
0.314338
0.313371
0.313693
0.314338
0.312726
0.313693
0.314015
0.312404
0.313371
0.313049
0.312726
0.314015
0.313693
0.313371
0.314015
0.313371
0.314015
0.313693
0.313049
0.312082
0.314015
0.312726
0.313371
0.314015
0.313049
0.313371
0.313693
0.312082
0.313371
0.313049
0.312082
0.312726
0.312404
0.312726
0.313693
0.312726
0.313049
0.313693
0.312404
0.313049
0.313049
0.311759
0.312404
0.312404
0.312404
0.313371
0.313371
0.313371
0.314015
0.313371
0.313049
0.313371
0.312726
0.313049
0.314015
0.312726
0.313693
0.314338
0.313049
0.314015
0.313371
0.313693
0.315627
0.313049
0.313371
0.314338
0.312404
0.312726
0.313693
0.313371
0.314015
0.314015
0.312726
0.314015
0.313693
0.312082
0.312404
0.309181
0.313371
0.314015
0.313371
0.313049
0.314015
0.312726
0.313371
0.314338
0.313049
0.313371
0.313049
0.312082
0.315304
0.313371
0.314338
0.314338
0.313371
