0.000124
-0.000521
-0.000198
0.000446
-0.000843
-0.000843
0.001413
-0.000843
-0.000843
-0.000521
-0.000843
-0.000198
-0.000198
-0.000843
-0.000521
-0.000521
-0.000843
0.000446
-0.000198
-0.000843
-0.000198
-0.000843
-0.000521
-0.000521
-0.000198
-0.000843
-0.000198
-0.000843
-0.000198
-0.000198
-0.001810
-0.000521
-0.000198
-0.000521
-0.000198
-0.000521
-0.000198
0.000124
-0.000521
-0.000521
0.000124
-0.001165
-0.000843
-0.000521
-0.000843
-0.000521
0.000124
-0.000521
-0.000843
-0.000198
-0.000521
-0.000521
-0.000843
-0.001487
-0.000521
-0.001165
-0.000843
-0.000521
-0.000198
0.000124
-0.000198
-0.001165
-0.000198
-0.000198
-0.001487
-0.000198
-0.000843
-0.000843
0.000124
-0.000198
-0.000521
0.000446
-0.000521
-0.000198
-0.000198
-0.000843
-0.000843
-0.000843
-0.001165
-0.000198
-0.000521
-0.000843
0.000124
-0.000521
-0.000843
-0.000198
-0.000843
-0.001487
0.000124
-0.001165
-0.000521
0.000124
-0.000521
-0.000198
-0.000198
-0.000843
0.000446
-0.000198
-0.000843
-0.000521
-0.001165
-0.000843
-0.000521
-0.000843
-0.000198
-0.000198
-0.001487
-0.000198
-0.000198
-0.000843
-0.000521
-0.000521
-0.000843
0.000446
-0.001165
0.000124
0.000446
-0.000521
-0.000843
-0.000198
-0.001165
-0.001165
-0.000198
-0.001487
-0.000198
-0.001165
-0.000843
0.000446
-0.000521
-0.000521
0.000124
-0.000198
-0.000843
-0.000198
-0.001487
0.000124
0.000124
-0.001487
-0.000198
0.000446
-0.000843
0.000124
-0.000198
-0.000521
0.000124
-0.000521
-0.000843
-0.000198
-0.000843
-0.000198
-0.000521
-0.001165
-0.000198
-0.000198
-0.000521
-0.000521
-0.001165
-0.001165
-0.000198
-0.000198
-0.000843
0.000768
-0.001165
-0.000521
-0.000198
-0.000843
-0.000198
-0.000521
-0.001487
-0.000198
-0.000521
0.000446
-0.000198
-0.000521
-0.001165
0.000124
-0.001165
-0.000521
-0.000843
-0.001165
-0.000843
-0.000198
-0.001165
-0.000198
0.000124
-0.000843
0.000124
-0.000843
-0.000521
0.000124
-0.001165
-0.000843
0.000124
-0.000198
-0.000843
0.000446
-0.001487
-0.000521
0.000124
-0.000843
-0.000198
-0.000843
-0.001810
-0.000198
-0.000198
0.000124
0.000124
-0.000521
-0.001165
0.000124
-0.000843
-0.000521
-0.000198
-0.001165
-0.000843
0.000124
-0.000843
0.000124
-0.000198
-0.001165
0.000446
-0.000521
-0.001165
-0.000198
-0.000521
-0.000843
0.000124
-0.000521
-0.001165
0.000446
-0.000521
-0.000521
-0.000521
-0.001165
-0.000198
-0.000843
-0.001165
0.000124
-0.000521
-0.000843
-0.000198
-0.000521
-0.000521
0.000446
-0.001165
-0.000521
0.000124
-0.001487
-0.000521
-0.000198
-0.001165
0.000124
-0.000843
-0.000843
0.000124
0.208633
0.368801
0.376536
0.375247
0.240860
0.110018
0.110663
0.121942
0.134511
0.140956
0.152558
0.170605
0.193486
0.214756
0.235381
0.246983
0.264708
0.285333
0.308214
0.333996
0.358489
0.384270
0.408118
0.430355
0.451947
0.469994
0.483530
0.495454
0.503510
0.507378
0.508344
0.507055
0.503833
0.499965
0.494487
0.489330
0.484819
0.477729
0.472572
0.467094
0.461615
0.457426
0.453558
0.448724
0.444857
0.440668
0.436800
0.434222
0.430677
0.426488
0.425199
0.421654
0.420042
0.418753
0.415853
0.414564
0.412952
0.410696
0.409730
0.408118
0.405862
0.404573
0.402962
0.402317
0.401995
0.400706
0.399739
0.399095
0.397161
0.396839
0.396517
0.394905
0.394261
0.393616
0.392327
0.392327
0.391683
0.390716
0.391360
0.389749
0.388782
0.388460
0.387493
0.386526
0.386526
0.384915
0.385559
0.385237
0.382981
0.384270
0.382981
0.382337
0.382014
0.381048
0.380725
0.380081
0.379114
0.379114
0.378792
0.378469
0.378792
0.377825
0.376214
0.376214
0.376536
0.374280
0.374602
0.373635
0.372991
0.373958
0.372991
0.372669
0.373313
0.371379
0.371057
0.371702
0.368801
0.369124
0.368801
0.367834
0.368479
0.368157
0.367512
0.368157
0.367190
0.365901
0.366545
0.365579
0.365256
0.364612
0.363323
0.363323
0.363645
0.362356
0.362678
0.362678
0.361711
0.361711
0.361389
0.360100
0.359778
0.358489
0.358489
0.359778
0.358166
0.358166
0.357522
0.355910
0.357200
0.355910
0.355588
0.355588
0.353655
0.353332
0.354621
0.354299
0.354299
0.354299
0.353332
0.352688
0.353332
0.352366
0.354944
0.352688
0.351399
0.352043
0.352366
0.351399
0.352688
0.351721
0.351721
0.352043
0.352043
0.351399
0.351076
0.350110
0.351076
0.353010
0.350432
0.350754
0.351721
0.351076
0.350432
0.351721
0.350754
0.351076
0.350110
0.349465
0.351076
0.350110
0.350754
0.352043
0.347854
0.350432
0.351399
0.349465
0.350432
0.350432
0.349787
0.350110
0.350754
0.350432
0.351076
0.350754
0.350754
0.350432
0.350110
0.349465
0.350754
0.349465
0.349465
0.350432
0.350110
0.350754
0.350110
0.349465
0.351076
0.350110
0.349787
0.350110
0.349787
0.349465
0.349143
0.349787
0.350110
0.350754
0.349465
0.349787
0.350110
0.349143
0.350432
0.349465
0.348498
0.349143
0.349143
0.349465
0.350110
0.347209
0.349465
0.349787
0.349465
0.349465
0.350110
0.348176
0.348821
0.349465
0.348821
0.349787
0.350110
0.349465
0.349787
0.349465
0.351076
0.349787
0.349465
0.349143
0.349787
0.348821
0.350110
0.350110
0.349787
0.349787
0.349465
0.349143
0.350110
0.349787
0.348821
0.350110
0.348498
0.349787
0.350754
0.348821
0.350110
0.349465
0.349465
0.350110
0.349465
0.348498
0.349143
0.349465
0.349465
0.350432
0.349143
0.349787
0.350754
0.349787
0.349465
0.350110
0.349143
0.348821
0.349143
0.348176
0.349465
0.349787
0.349143
0.350432
0.349465
0.349465
0.350432
0.349465
0.348821
0.350110
0.348498
0.349465
0.349143
0.349465
0.350432
0.349465
0.349465
0.349787
0.349787
0.349465
0.349465
0.349465
0.349465
0.350110
0.349465
0.349787
0.350110
0.349465
0.349787
0.349787
0.349465
0.348821
0.348821
0.348821
0.349787
0.349143
0.349143
0.350110
0.349143
0.349465
0.350110
0.349465
0.349143
0.348821
0.348176
0.349465
0.349787
0.349143
0.350110
0.349465
0.348821
0.350110
0.349465
0.348821
0.349465
0.348821
0.349787
0.350110
0.349143
0.350432
0.350110
0.349143
0.349787
0.349465
0.349465
0.349465
0.348498
0.348821
0.350110
0.348821
0.349143
0.350432
0.349465
0.349787
0.350110
0.349143
0.350110
0.349465
0.348176
0.349465
0.349465
0.349787
0.350110
0.350110
0.349465
0.349787
0.349143
0.349465
0.349465
0.348176
0.348821
0.349787
0.349143
0.349787
0.350110
0.349465
0.350110
0.348821
0.349465
0.349787
0.348821
0.348498
0.349465
0.348821
0.350432
0.350110
0.349143
0.349787
0.349787
0.349465
0.350432
0.348821
0.348821
0.350110
0.349465
0.348498
0.350110
0.349787
0.349143
0.350110
0.348821
0.350110
0.349143
0.347854
0.347854
0.348821
0.350110
0.350754
0.349787
0.348498
0.349465
0.349143
0.350110
0.349465
0.348821
0.349143
0.349465
0.348821
0.349787
0.349465
0.348498
0.350432
0.349143
0.348821
0.350432
0.348821
0.348498
0.349787
0.349465
0.349465
0.351076
0.349465
0.350432
0.350110
0.349143
0.350110
0.349143
0.348821
0.349465
0.349465
0.349465
0.350754
0.350110
0.349787
0.350432
0.349465
0.350432
0.350110
0.348821
0.348821
0.349787
0.349143
0.350110
0.350110
0.349465
0.350432
0.349787
0.349787
0.349787
0.348498
0.348821
0.349787
0.348498
0.349465
0.350110
0.349787
0.350110
0.349787
0.350110
0.349787
0.349143
0.348498
0.348821
0.349465
0.348821
0.350110
0.349143
0.350110
0.349787
0.349143
0.349787
0.350110
0.348498
0.349787
0.349787
0.348498
0.349787
0.349787
0.349143
0.350110
0.349143
0.349465
0.349787
0.348176
0.348821
0.348176
0.348821
0.350110
0.350110
0.349787
0.350754
0.349787
0.349143
0.349465
0.349465
0.348498
0.349143
0.349143
0.349465
0.349465
0.349465
0.349465
0.349465
0.348821
0.349787
0.349465
0.348498
0.349143
0.348821
0.348821
0.349465
0.349465
0.349465
0.349465
0.349465
0.349143
0.349787
0.349143
0.348498
0.349143
0.348498
0.349465
0.349787
0.348821
0.350110
0.349143
0.349465
0.350432
0.349143
0.348821
0.349465
0.348498
0.349465
0.349787
0.349465
0.349787
0.349787
0.348498
0.350110
0.349787
0.348821
0.349465
0.347854
0.349465
0.350754
0.349465
0.350110
0.350110
0.349465
0.349787
0.349465
0.349143
0.349143
0.348498
0.348498
0.349787
0.349787
0.349787
0.350432
0.350110
0.349143
0.350110
0.348821
0.349465
0.349143
0.348821
0.349465
0.350110
0.349465
0.349787
0.349465
0.348821
0.350110
0.349465
0.349465
0.349787
0.348498
0.349787
0.350110
0.349143
0.350432
0.350432
0.349143
0.350110
0.349787
0.349465
0.350110
0.348498
0.349787
0.349787
0.349465
0.349465
0.350110
0.349143
0.349143
0.349787
0.348498
0.349787
0.349143
0.348821
0.349787
0.349465
0.348821
0.350754
0.349465
0.349143
0.349787
0.349787
0.349787
0.349143
0.348498
0.348821
0.349465
0.348821
0.350110
0.350110
0.349465
0.350110
0.349465
0.348821
0.349787
0.348498
0.349143
0.349787
0.349143
0.349465
0.350432
0.349465
0.350110
0.350110
0.347209
0.350110
0.346565
0.348176
0.349465
0.349465
0.348821
0.350110
0.349143
0.349465
0.350110
0.349143
0.349787
0.349465
0.348176
0.349143
0.349143
0.349143
0.349787
0.349787
0.348821
0.349787
0.349465
0.349465
0.349787
0.348176
0.349143
0.349787
0.349465
0.349465
0.350110
0.348821
0.350110
0.349143
0.349143
0.350110
0.349465
0.348821
0.349465
0.348821
0.348821
0.349787
0.349143
0.349465
0.350110
0.349143
0.350432
0.349143
0.348498
0.349143
0.349787
0.349143
0.350110
0.349465
0.349143
0.350432
0.348821
0.349787
0.350432
0.348498
0.349465
0.349143
0.349143
0.350754
0.350110
0.349465
0.349465
0.349465
0.349787
0.349465
0.349143
0.348821
0.349787
0.348498
0.349787
0.350432
0.349787
0.349787
0.349465
0.348498
0.350432
0.349465
0.348821
0.349143
0.348821
0.348821
0.349465
0.348821
0.349787
0.349787
0.349143
0.349787
0.349465
0.348176
0.349143
0.349143
0.349465
0.349465
0.350110
0.348821
0.350432
0.348821
0.349143
0.350110
0.349143
0.348176
0.349143
0.348821
0.349787
0.350432
0.349787
0.350110
0.349143
0.348821
0.350110
0.348821
0.348176
