0.041697
0.041375
0.041052
0.041697
0.041697
0.040408
0.040408
0.041052
0.041375
0.041375
0.041697
0.041375
0.040730
0.041375
0.041697
0.041375
0.040085
0.040730
0.041375
0.041052
0.041375
0.041697
0.041697
0.041697
0.041697
0.041052
0.041052
0.041052
0.040730
0.040408
0.041052
0.041052
0.041052
0.041375
0.041697
0.041697
0.041052
0.041052
0.041052
0.040408
0.041052
0.040730
0.040730
0.041375
0.041375
0.041052
0.041052
0.041052
0.041375
0.041697
0.041375
0.040408
0.040408
0.041052
0.041697
0.041052
0.042341
0.041697
0.041052
0.041052
0.041375
0.041052
0.040730
0.040085
0.040408
0.041052
0.040730
0.041375
0.041697
0.041052
0.040730
0.041375
0.041052
0.041052
0.040408
0.040730
0.041052
0.040730
0.040730
0.041697
0.041697
0.041052
0.041052
0.041375
0.041697
0.040408
0.040408
0.040408
0.041375
0.041375
0.041375
0.042019
0.041375
0.041697
0.041375
0.041375
0.041052
0.040408
0.040730
0.042019
0.041052
0.040730
0.041375
0.041697
0.041052
0.041375
0.041375
0.041052
0.040730
0.040408
0.041052
0.041375
0.041375
0.041375
0.041375
0.041375
0.041375
0.041052
0.040730
0.040730
0.040408
0.040408
0.041052
0.041375
0.042019
0.042019
0.041697
0.041052
0.041697
0.041697
0.041697
0.041052
0.040408
0.041052
0.041375
0.041375
0.041375
0.041697
0.041375
0.041697
0.041697
0.041697
0.041375
0.040730
0.040730
0.040730
0.041375
0.041052
0.041697
0.041052
0.041375
0.041052
0.041375
0.041052
0.040085
0.039763
0.040730
0.040408
0.040730
0.041052
0.041375
0.041375
0.041052
0.041052
0.041697
0.041052
0.040085
0.040730
0.041052
0.041697
0.042019
0.041697
0.041697
0.041375
0.041375
0.041375
0.041697
0.041052
0.040408
0.040730
0.041375
0.041052
0.042019
0.041697
0.041697
0.041052
0.041052
0.041375
0.040730
0.040085
0.040408
0.040730
0.040730
0.041697
0.041375
0.041697
0.041375
0.041052
0.041375
0.041697
0.040730
0.040408
0.041375
0.040730
0.041697
0.041375
0.042019
0.040730
0.041375
0.041375
0.041052
0.040408
0.040408
0.040408
0.041375
0.041052
0.041375
0.042019
0.041697
0.041052
0.040730
0.041375
0.041375
0.040085
0.040408
0.040730
0.041375
0.040730
0.041375
0.040408
0.040730
0.040408
0.041052
0.041375
0.040730
0.039763
0.040408
0.041375
0.041375
0.041375
0.041697
0.041052
0.040730
0.040730
0.041697
0.042341
0.042664
0.044275
0.046853
0.049431
0.052009
0.054910
0.057810
0.059422
0.061678
0.064256
0.066189
0.068123
0.069090
0.070701
0.073279
0.074568
0.076180
0.077147
0.078113
0.079402
0.080047
0.081658
0.082303
0.081981
0.082625
0.083914
0.084236
0.085526
0.086170
0.085526
0.085848
0.086170
0.086492
0.087137
0.087137
0.086492
0.087137
0.087459
0.088426
0.088104
0.088748
0.088748
0.088748
0.088748
0.088748
0.089393
0.088426
0.087781
0.089071
0.089715
0.089071
0.089393
0.089393
0.089393
0.089071
0.088748
0.089071
0.088426
0.088426
0.088426
0.088748
0.088748
0.089393
0.089393
0.089715
0.089071
0.089071
0.089393
0.089071
0.088426
0.088748
0.089071
0.089071
0.089393
0.089715
0.089393
0.089393
0.089393
0.089715
0.089393
0.089393
0.088748
0.089393
0.089715
0.089071
0.090037
0.090360
0.089715
0.089393
0.089715
0.089715
0.089715
0.088426
0.088426
0.089715
0.090037
0.090037
0.090037
0.089715
0.089715
0.089393
0.089715
0.089715
0.088748
0.088426
0.088748
0.089071
0.089715
0.089393
0.089715
0.090037
0.089715
0.089071
0.089393
0.089393
0.088748
0.088426
0.089071
0.089715
0.089393
0.090037
0.089393
0.089071
0.089715
0.089393
0.090037
0.089393
0.088426
0.089071
0.089393
0.089715
0.089715
0.090037
0.089715
0.090037
0.089071
0.090037
0.090360
0.089715
0.088748
0.089393
0.089071
0.089393
0.090037
0.089715
0.089715
0.089715
0.090037
0.089393
0.089393
0.088426
0.089071
0.089715
0.089715
0.090037
0.089715
0.089715
0.089715
0.089393
0.089071
0.090037
0.088748
0.088748
0.089071
0.089715
0.089393
0.090037
0.090037
0.089393
0.089393
0.088748
0.089715
0.088748
0.088104
0.088748
0.089715
0.089715
0.089393
0.089715
0.089715
0.089393
0.089393
0.089071
0.090037
0.088748
0.088748
0.089393
0.089393
0.089393
0.089715
0.089715
0.090037
0.089393
0.089715
0.089715
0.089071
0.088748
0.089071
0.089393
0.089715
0.090037
0.090037
0.089715
0.089715
0.089393
0.089071
0.090360
0.089071
0.089393
0.089393
0.089715
0.089393
0.089715
0.089715
0.090037
0.089393
0.089393
0.089715
0.089393
0.088426
0.088748
0.089071
0.089715
0.089715
0.090037
0.089715
0.089715
0.089715
0.089715
0.089071
0.089715
0.089071
0.089393
0.089393
0.089715
0.089393
0.089393
0.089715
0.089393
0.088748
0.090037
0.088748
0.089071
0.089071
0.089393
0.089715
0.089715
0.090037
0.089715
0.089715
0.089715
0.090037
0.089393
0.089393
0.089071
0.089393
0.089393
0.089715
0.089393
0.090037
0.089715
0.090037
0.089393
0.089071
0.089071
0.088426
0.088748
0.089715
0.089071
0.089715
0.090037
0.089393
0.089071
0.089393
0.089071
0.089715
0.088426
0.089071
0.089715
0.089393
0.089071
0.090037
0.090037
0.089071
0.089393
0.089393
0.089393
0.088748
0.088748
0.089071
0.089393
0.089071
0.089715
0.089715
0.089715
0.089393
0.089071
0.089393
0.089071
0.088104
0.088426
0.089393
0.089393
0.089071
0.090360
0.089393
0.089715
0.089715
0.088748
0.089393
0.088426
0.088426
0.088748
0.089393
0.089715
0.089393
0.089715
0.089393
0.090037
0.089071
0.089393
0.089393
0.088748
0.088748
0.089393
0.089071
0.090037
0.090037
0.090037
0.088748
0.089715
0.089715
0.089715
0.089071
0.088104
0.088748
0.089393
0.089393
0.089715
0.089715
0.089393
0.090037
0.090037
0.089071
0.089715
0.088426
0.088748
0.089393
0.089393
0.090037
0.090037
0.089715
0.089393
0.089715
0.088748
0.089393
0.089071
0.089071
0.089071
0.089393
0.089715
0.089715
0.090037
0.089393
0.089393
0.089715
0.089715
0.089071
0.088426
0.089071
0.089393
0.089715
0.089393
0.089715
0.090037
0.089715
0.090037
0.089393
0.089715
0.089071
0.088748
0.088748
0.090037
0.089071
0.089715
0.089393
0.090037
0.089071
0.089393
0.089715
0.089393
0.088748
0.088748
0.088748
0.089715
0.089715
0.089715
0.089715
0.089715
0.089393
0.089393
0.089071
0.088426
0.088748
0.088748
0.088748
0.089715
0.089071
0.089393
0.089393
0.089715
0.089393
0.089393
0.089393
0.088748
0.089071
0.089393
0.089715
0.089715
0.089393
0.089715
0.089715
0.089715
0.089715
0.090037
0.088748
0.088748
0.089071
0.089715
0.089715
0.090037
0.089715
0.089715
0.089393
0.089393
0.089393
0.089393
0.088748
0.088748
0.089071
0.089071
0.089393
0.089393
0.089071
0.089393
0.089393
0.089393
0.089071
0.088426
0.088426
0.088426
0.089071
0.089393
0.089715
0.089393
0.089071
0.089071
0.089071
0.089715
0.089393
0.088104
0.088426
0.089715
0.089715
0.089715
0.089715
0.089715
0.089393
0.090037
0.089393
0.090037
0.089393
0.089071
0.089715
0.090037
0.090037
0.090360
0.089715
0.090037
0.089071
0.090037
0.089715
0.089393
0.089393
0.088748
0.089393
0.089393
0.090037
0.089715
0.089715
0.089393
0.089393
0.089715
0.089715
0.088748
0.089071
0.089393
0.089393
0.089715
0.089715
0.090037
0.090037
0.089715
0.089071
0.089393
0.089071
0.088426
0.089071
0.089715
0.089071
0.089393
0.089715
0.089715
0.089393
0.089393
0.088748
0.089071
0.088748
0.088748
0.089071
0.089393
0.089393
0.090037
0.090037
0.089393
0.089393
0.089715
0.089715
0.089715
0.088748
0.089071
0.089071
0.089393
0.089393
0.089393
0.089393
0.089715
0.088748
0.089393
0.089393
0.088748
0.088426
0.089393
0.089393
0.089393
0.089393
0.089393
0.089715
0.089071
0.088748
0.089393
0.089071
0.088748
0.088748
0.089071
0.089393
0.089393
0.090037
0.089071
0.089071
0.089071
0.089071
0.089393
0.088748
0.088748
0.088748
0.089393
0.089071
0.089393
0.089393
0.089071
0.089393
0.089715
0.089393
0.089393
0.088104
0.089071
0.089393
0.089393
0.089393
0.089715
0.089715
0.089071
0.089393
0.088748
0.089071
0.088426
0.088748
0.089393
0.089715
0.089393
0.089715
0.089715
0.089715
0.089715
0.089393
0.089071
0.089071
0.088748
0.089071
0.089715
0.089393
0.089715
0.090037
0.089715
0.089715
0.089393
0.089393
0.089715
0.088426
0.088426
0.089393
0.089715
0.089393
0.090360
0.090037
0.089393
0.089393
0.089393
0.089393
0.088748
0.089071
0.088748
0.089393
0.089393
0.089393
0.089715
0.089393
0.089715
0.089715
0.089715
0.089393
0.089071
0.088748
0.089071
0.089715
0.090037
0.089715
0.089715
0.089715
0.089715
0.089393
0.089071
0.088748
0.088426
0.089393
0.089071
0.089715
0.089393
0.089715
0.089715
0.089393
0.089715
0.089715
0.090037
0.088748
0.089071
0.089393
0.089393
0.089715
0.090037
0.089393
0.089393
0.089715
0.089393
0.089393
0.089071
0.088748
0.088748
0.089393
0.089393
0.089715
0.089393
0.089715
0.089393
0.089393
0.089071
0.089393
0.088748
0.088748
0.089393
0.088426
0.089393
0.089715
0.089715
0.089071
0.089393
0.089071
0.089071
0.088748
0.088748
0.089071
0.089071
0.089393
0.090360
0.090037
0.089715
0.089393
0.089393
0.089071
0.088748
0.088748
0.088426
0.088426
0.089393
0.089715
0.090037
0.090037
0.089393
0.089715
0.089071
0.089393
0.089071
0.088748
0.089715
0.089715
0.089715
0.090037
0.089715
0.089071
0.089071
0.089393
0.089715
0.089071
0.088748
0.089071
0.089071
0.090037
0.090037
0.089715
0.090037
0.089715
0.089715
0.089715
0.089393
0.088748
0.088426
0.089393
0.089715
0.089715
0.090037
0.090037
0.090037
0.089715
0.089715
0.089715
0.089393
0.088748
0.089071
0.089715
0.089393
0.089715
0.089715
0.089715
0.089393
0.089393
0.089715
0.089393
0.089071
0.088426
0.089393
0.089393
0.089393
0.090037
0.090037
0.089393
0.089393
0.089071
0.090037
0.089071
0.088748
0.088426
0.089715
0.089393
0.089393
0.090037
0.090037
0.090037
0.089393
0.089715
0.089715
0.089393
0.089071
0.089071
0.089393
0.089393
0.090360
0.090037
0.090037
0.090037
0.090037
0.089393
0.089715
0.089071
0.089071
0.089715
0.089715
0.090360
0.089715
0.090037
0.090037
0.089715
0.089715
0.089715
0.088748
0.088748
0.089071
0.088748
0.090037
0.089715
0.089715
0.090037
0.089715
0.089393
0.090037
0.089393
0.089071
0.089393
0.089071
0.089393
0.089715
0.089393
0.090037
0.089715
0.089071
0.089393
0.089393
0.088748
0.088748
0.089071
0.089071
0.089715
0.089393
0.090037
0.089715
0.089393
0.090360
0.089393
0.089393
0.088748
0.089071
0.089393
0.090037
0.089393
0.090037
0.089715
0.089071
0.089393
0.089715
0.089715
0.088748
0.088748
0.089071
0.089715
0.089393
0.089393
0.089393
0.090037
0.090037
0.089393
0.089393
0.089071
0.088426
0.089393
0.089071
0.090037
0.090037
0.090360
0.090360
0.089715
0.089715
0.089393
0.089071
0.089393
0.089071
0.089393
0.089393
0.089393
0.090037
0.090037
0.090037
0.089715
0.089715
0.089393
0.089393
0.089071
0.088748
0.089393
0.089393
0.089715
0.089715
0.089393
0.089071
0.089715
0.089715
0.089715
0.088748
0.088748
0.088748
0.089715
0.089715
0.090037
0.090037
0.089715
0.089393
0.089393
0.089071
0.089393
0.088748
0.088426
0.089393
0.090037
0.090037
0.090360
0.090037
0.089393
0.090037
0.090037
0.090037
0.088748
0.089393
0.089393
0.089715
0.089393
0.090037
0.090037
0.089393
0.089393
0.089715
0.089715
0.089071
0.088748
0.089071
0.089071
0.090037
0.089715
0.090037
0.090037
0.090037
0.089393
0.089715
0.090037
0.088748
0.088748
0.089071
0.089393
0.090037
0.090037
0.089715
0.089715
0.089715
0.089393
0.089393
0.088748
0.088426
0.089071
0.089393
0.089071
0.090037
0.089393
0.089715
0.089715
0.089715
0.089715
0.089715
0.088104
0.088748
0.089393
0.089715
0.089393
0.090037
0.089715
0.089715
0.089393
0.089715
0.089393
0.089071
0.088426
0.089393
0.089393
0.089071
0.090037
0.090037
0.089393
0.089393
0.089393
0.089071
0.089071
0.088104
0.088748
0.089393
0.088748
0.089715
0.089393
0.089393
0.089715
0.089071
0.089715
0.089393
0.088748
0.088104
0.089393
0.089071
0.089071
0.090037
0.090037
0.090037
0.089071
0.089393
0.089071
0.089715
0.089071
0.088748
0.089071
0.090360
0.089715
0.090037
0.089715
0.089071
0.089393
0.089715
0.090037
0.088748
0.088748
0.089393
0.090037
0.089393
0.090037
0.089393
0.090037
0.089393
0.089715
0.089393
0.089393
0.089071
0.089071
0.089393
0.090037
0.089715
0.089393
0.090037
0.089715
0.089715
0.089393
0.089715
0.088748
0.089071
0.089393
0.089393
0.089715
0.090037
0.090037
0.089393
0.089715
0.089715
0.089715
0.089715
0.089071
0.088748
0.089071
0.089715
0.090037
0.089393
0.090037
0.089715
0.089393
0.089715
0.089393
0.089071
0.089071
0.089071
0.089715
0.089393
0.089715
0.090037
0.089393
0.089715
0.089393
0.089071
0.089393
0.088426
0.088426
0.089715
0.089071
0.089071
0.090037
0.090037
0.089393
0.090037
0.089071
0.089715
0.089071
0.089393
0.089071
0.090037
0.090037
0.090360
0.090360
0.089393
0.089715
0.089393
0.089715
0.089715
0.088426
0.089071
0.089071
0.089393
0.089393
0.090037
0.089715
0.089715
0.089715
0.089393
0.089715
0.089071
0.088426
0.089071
0.089715
0.089393
0.090037
0.090360
0.089715
0.090037
0.089715
0.089393
0.090037
0.088748
0.088426
0.089393
0.090037
0.090037
0.090037
0.089715
0.090037
0.089393
0.089393
0.089715
0.088748
0.088748
0.089071
0.089071
0.089715
0.089715
0.090037
0.090037
0.089393
0.089393
0.089393
0.089393
0.088748
0.089071
0.089393
0.089393
0.090037
0.089071
0.090037
0.089715
0.089071
0.089393
0.090037
0.089393
0.089071
0.089393
0.089393
0.089715
0.089715
0.089393
0.089715
0.089393
0.089393
0.089715
0.089071
0.089071
0.089393
0.089393
0.089393
0.090037
0.089715
0.089715
0.089393
0.089071
0.089393
0.089715
0.089071
0.088426
0.088748
0.089715
0.089393
0.089715
0.089715
0.089715
0.089393
0.089715
0.089393
0.089071
0.088748
0.088748
0.088748
0.089715
0.089393
0.089393
0.089715
0.089071
0.089715
0.089393
0.088748
0.089071
0.088104
0.089071
0.089393
0.089715
0.089715
0.089715
0.089715
0.090037
0.089393
0.089393
0.089071
0.088426
0.089071
0.089393
0.089393
0.089715
0.090037
0.089071
0.089393
0.089393
0.089071
0.089393
0.088748
0.088104
0.088748
0.089393
0.089393
0.089715
0.089393
0.090037
0.089071
0.089071
0.089393
0.089393
0.088104
0.088748
0.089393
0.090037
0.089393
0.090037
0.089393
0.089393
0.089393
0.090037
0.089715
0.088748
0.088748
0.089393
0.089393
0.089715
0.090037
0.090037
0.089715
0.089393
0.089715
0.089715
0.089393
0.089071
0.089071
0.089715
0.089393
0.089393
0.090037
0.089393
0.090037
0.090037
0.089393
0.090037
0.088104
0.089071
0.089071
0.089715
0.090037
0.090037
0.089715
0.089393
0.090037
0.089071
0.089715
0.089071
0.088426
0.089071
0.089715
0.089393
0.089393
0.090037
0.089393
0.089393
0.089715
0.089393
0.089715
0.088748
0.088748
0.089071
0.089071
0.089715
0.089393
0.089393
0.089071
0.089715
0.089071
0.089715
0.089393
0.088426
0.088748
0.089393
0.090037
0.089715
0.090037
0.089715
0.089393
0.089715
0.088748
0.089393
0.089071
0.089071
0.089071
0.089393
0.090037
0.089071
0.089393
0.089393
0.089715
0.090037
0.089715
0.088426
0.089071
0.089071
0.089071
0.089715
0.090037
0.090037
0.089715
0.089715
0.090037
0.089393
0.089715
0.089715
0.088426
0.088748
0.089715
0.090037
0.090037
0.090037
0.089715
0.089393
0.089393
0.089715
0.089071
0.088748
0.089071
0.089393
0.089715
0.089393
0.089715
0.090037
0.089071
0.089715
0.089393
0.089715
0.088748
0.088748
0.090037
0.089393
0.089393
0.089393
0.089715
0.089715
0.089715
0.090037
0.090037
0.089715
0.089071
0.089393
0.089071
0.090037
0.090360
0.090037
0.089393
0.089393
0.089393
0.089393
0.089393
0.089071
0.089393
0.089393
0.089393
0.090037
0.089715
0.090037
0.089715
0.089715
0.090037
0.089071
0.089715
0.088748
0.088426
0.089715
0.088748
0.090360
0.089071
0.089071
0.089393
0.089393
0.089393
0.089393
0.088104
0.088748
0.089071
0.089715
0.089393
0.090037
0.089715
0.089071
0.089715
0.089393
0.089393
0.089071
0.089071
0.088748
0.089715
0.089715
0.090360
0.090037
0.089715
0.089715
0.089071
0.089715
0.089715
0.088748
0.089071
0.089393
0.089393
0.089715
0.089393
0.090037
0.089393
0.089393
0.089715
0.089071
0.088748
0.088104
0.088748
0.089071
0.089071
0.089071
0.089715
0.089393
0.089071
0.089071
0.089715
0.089071
0.088426
0.088748
0.088748
0.089071
0.090037
0.089715
0.089715
0.089715
0.089393
0.089393
0.089393
0.088748
0.088748
0.088748
0.088748
0.089071
0.088748
0.089393
0.089393
0.089393
0.089393
0.089393
0.089071
0.089071
0.088426
0.089071
0.089715
0.089393
0.089715
0.089715
0.089071
0.089393
0.089715
0.089071
0.088426
0.089071
0.089071
0.089071
0.089393
0.089715
0.089715
0.090037
0.089715
0.090037
0.089715
0.089393
0.088104
0.089071
0.089071
0.089715
0.089715
0.090360
0.090037
0.090037
0.090360
0.089393
0.089715
0.089071
0.088426
0.089071
0.089393
0.090037
0.089715
0.089715
0.089715
0.089715
0.089715
0.089715
0.089393
0.088748
0.089071
0.089071
0.089715
0.089393
0.090037
0.090037
0.089715
0.089715
0.089393
0.089715
0.089071
0.089071
0.089071
0.089393
0.089393
0.090037
0.090037
0.090037
0.089071
0.089071
0.090037
0.090037
0.088426
0.088748
0.089393
0.089393
0.089393
0.089715
0.089715
0.089393
0.089071
0.089393
0.089715
0.088426
0.088748
0.089393
0.089715
0.089071
0.090037
0.090037
0.089393
0.089071
0.089071
0.089715
0.089393
0.089071
0.088748
0.089393
0.089071
0.090037
0.089715
0.089715
0.090037
0.089071
0.089393
0.089393
0.089071
0.088426
0.089071
0.089071
0.089393
0.089715
0.089393
0.090037
0.090037
0.090037
0.089393
0.090037
0.088748
0.089071
0.089715
0.089393
0.090037
0.090037
0.090037
0.090037
0.089393
0.089715
0.089393
0.089071
0.088748
0.089071
0.089071
0.089715
0.090360
0.090037
0.090037
0.089715
0.089393
0.089715
0.089393
0.088426
0.088748
0.089393
0.089071
0.090037
0.089393
0.090037
0.089715
0.089393
0.089393
0.089393
0.089393
0.088748
0.089071
0.089393
0.089071
0.089715
0.089393
0.090037
0.089393
0.089393
0.089393
0.089393
0.088426
0.089071
0.089071
0.089715
0.089071
0.090037
0.090037
0.089715
0.089715
0.089715
0.089393
0.088426
0.088104
0.088748
0.089393
0.089715
0.089715
0.090037
0.089071
0.089715
0.089715
0.089393
0.089071
0.088104
0.088426
0.089071
0.089071
0.089393
0.089393
0.089393
0.089393
0.089393
0.090037
0.089071
0.089071
0.088426
0.089071
0.089715
0.090037
0.089715
0.089715
0.090037
0.089393
0.090037
0.089393
0.089071
0.088748
0.088748
0.090037
0.090037
0.089715
0.090037
0.090360
0.089715
0.089393
0.089715
0.089715
0.089393
0.089071
0.089071
0.089393
0.089071
0.090037
0.090037
0.089715
0.089393
0.089715
0.089071
0.089071
0.088748
0.088748
0.089071
0.089393
0.089393
0.089393
0.089393
0.089715
0.089393
0.088748
0.090037
0.088748
0.088748
0.089393
0.089393
0.089715
0.089715
0.089715
0.089715
0.089393
0.089715
0.089715
0.089071
0.088104
0.089071
0.089715
0.089393
0.089715
0.089393
0.089071
0.089715
0.089393
0.089393
0.089071
0.089071
0.088748
0.089071
0.089071
0.090037
0.089715
0.089715
0.089715
0.089393
0.089071
0.089393
0.089071
0.088748
0.089071
0.089071
0.089715
0.089393
0.089715
0.089715
0.088748
0.089071
0.088748
0.089071
0.088104
0.088426
0.088748
0.089715
0.089393
0.089715
0.089393
0.089715
0.089715
0.089715
0.089393
0.088748
0.088748
0.089071
0.088748
0.088748
0.089071
0.089393
0.089715
0.089393
0.089715
0.090037
0.089715
0.089071
0.089071
0.088748
0.089715
0.090360
0.090037
0.090037
0.089715
0.089715
0.089393
-0.361141
-0.360819
-0.360496
-0.360819
-0.361141
-0.360819
-0.360819
-0.361463
-0.362108
-0.361786
-0.361463
-0.360819
-0.360819
-0.360819
-0.360496
-0.360496
-0.361141
-0.360174
-0.360819
-0.361786
-0.361786
-0.361463
-0.361463
-0.361786
-0.360496
-0.360819
-0.360819
-0.360819
-0.361141
-0.361141
-0.361463
-0.362430
-0.361141
-0.361463
-0.361463
-0.360819
-0.360819
-0.361463
-0.360819
-0.361463
-0.361141
-0.361141
-0.361786
-0.361786
-0.361141
-0.361141
-0.361141
-0.360174
-0.361463
-0.361141
-0.361786
-0.361141
-0.361463
-0.362108
-0.362108
-0.361463
-0.361463
-0.360819
-0.360496
-0.361141
-0.361141
-0.361141
-0.361463
-0.360496
-0.360819
-0.362108
-0.361463
-0.361463
-0.360819
-0.360819
-0.361141
-0.360819
-0.361141
-0.361141
-0.361463
-0.361141
-0.361786
-0.362108
-0.361463
-0.361141
-0.361141
-0.361141
-0.360819
-0.360496
-0.360819
-0.360819
-0.361141
-0.361463
-0.362108
-0.361786
-0.361141
-0.361463
-0.360174
-0.361463
-0.360819
-0.361141
-0.361463
-0.360819
-0.361463
-0.361786
-0.361786
-0.361141
-0.360819
-0.361463
-0.360819
-0.360496
-0.360496
-0.361463
-0.361141
-0.361141
-0.360496
-0.361463
-0.361463
-0.361141
-0.361463
-0.360819
-0.360174
-0.360174
-0.361141
-0.361141
-0.360819
-0.360819
-0.361463
-0.361141
-0.361463
-0.361141
-0.361463
-0.360819
-0.360496
-0.360496
-0.361141
-0.361141
-0.361141
-0.361141
-0.361786
-0.361463
-0.361141
-0.360819
-0.360819
-0.360819
-0.360496
-0.361141
-0.361786
-0.361463
-0.360819
-0.361463
-0.362108
-0.361141
-0.360819
-0.360819
-0.361463
-0.361141
-0.361141
-0.361141
-0.361141
-0.361463
-0.361141
-0.362108
-0.362108
-0.361141
-0.361141
-0.360819
-0.360819
-0.360496
-0.361141
-0.361463
-0.361141
-0.361141
-0.361463
-0.361786
-0.361786
-0.361463
-0.360819
-0.360174
-0.361141
-0.361463
-0.360496
-0.361141
-0.361141
-0.361463
-0.362108
-0.361786
-0.361141
-0.361141
-0.361141
-0.360819
-0.361141
-0.361141
-0.361141
-0.361463
-0.361141
-0.361786
-0.362108
-0.361786
-0.361463
-0.361463
-0.360819
-0.361141
-0.360819
-0.361141
-0.361786
-0.360819
-0.361141
-0.362108
-0.361786
-0.361463
-0.360819
-0.360819
-0.360496
-0.360819
-0.361141
-0.361463
-0.361463
-0.361141
-0.362430
-0.361786
-0.361463
-0.360819
-0.360819
-0.360496
-0.360819
-0.361141
-0.361141
-0.361141
-0.361141
-0.361141
-0.361786
-0.362108
-0.361463
-0.361141
-0.360819
-0.360496
-0.360819
-0.359852
-0.360819
-0.361141
-0.360819
-0.362108
-0.361786
-0.361463
-0.361463
-0.361141
-0.360496
-0.360819
-0.360174
-0.355340
-0.344061
-0.327947
-0.310545
-0.290564
-0.270583
-0.248669
-0.227399
-0.207418
-0.188082
-0.169712
-0.152632
-0.136519
-0.121372
-0.107192
-0.094624
-0.083344
-0.071420
-0.061430
-0.051439
-0.043060
-0.035004
-0.027914
-0.022113
-0.016312
-0.010833
-0.006644
-0.002776
0.002058
0.005925
0.009792
0.012692
0.015593
0.017849
0.019460
0.022038
0.024294
0.025583
0.025906
0.027195
0.029451
0.030095
0.031706
0.033318
0.033640
0.033962
0.034607
0.034607
0.035896
0.035896
0.035896
0.036863
0.037507
0.037507
0.038474
0.038474
0.038474
0.039119
0.039119
0.038796
0.040085
0.038796
0.038796
0.039441
0.040085
0.039441
0.040730
0.040085
0.040408
0.040408
0.040085
0.040730
0.040085
0.039763
0.040085
0.040730
0.041052
0.041052
0.041375
0.041052
0.041375
0.040730
0.040730
0.040408
0.040085
0.039763
0.040730
0.041375
0.040730
0.041052
0.041052
0.040730
0.040408
0.040730
0.041052
0.040408
0.039763
0.040085
0.040730
0.041052
0.041697
0.041375
0.040730
0.040730
0.041052
0.041375
0.040730
0.040408
0.040730
0.041052
0.041052
0.041052
0.041375
0.041052
0.041375
0.040730
0.041052
0.041375
0.040730
0.040085
0.040408
0.040730
0.041375
0.041052
0.041697
0.041375
0.041375
0.041052
0.041375
0.041375
0.040085
0.040730
0.041052
0.040730
0.041375
0.041697
0.041052
0.041375
0.041375
0.041375
0.041052
0.040730
0.040730
0.040730
0.041052
0.041052
0.041375
0.041375
0.041375
0.040730
0.041052
0.041052
0.040408
0.040408
0.040085
0.040085
0.041375
0.040730
0.041052
0.041375
0.041375
0.041052
0.041375
0.041375
0.040730
0.040408
0.041375
0.040730
0.041375
0.041375
0.041375
0.041052
0.041375
0.041375
0.040730
0.041052
0.040408
0.040085
0.041375
0.041375
0.041375
0.041375
0.041052
0.041052
0.040408
0.041052
0.040730
0.040730
0.040730
0.040730
0.040730
0.041697
0.041375
0.041052
0.041375
0.040408
0.041052
0.040730
0.040085
0.040730
0.039763
0.040730
0.041052
0.041052
0.041052
0.041052
0.040730
0.040730
0.041052
0.040408
0.040408
0.040408
0.040730
0.041052
0.041052
0.041697
0.041375
0.041375
0.040730
0.041052
0.040730
0.040730
0.040085
0.040408
0.040730
0.041052
0.041375
0.041375
0.041375
0.041052
0.041052
0.040730
0.041052
0.040730
0.040085
0.040730
0.041375
0.041052
0.041375
0.042019
0.040730
0.041052
0.041052
0.041052
0.041052
0.040408
0.040408
0.041375
0.041052
0.041375
0.042019
0.041697
0.041697
0.041697
0.041375
0.041375
0.040730
0.040408
0.040730
0.041375
0.041697
0.041697
0.041375
0.040730
0.041375
0.041375
0.041052
0.041052
0.040085
0.040408
0.040730
0.041375
0.041697
0.041375
0.041375
0.041052
0.041375
0.040730
0.041052
0.040730
0.040730
0.040730
0.041375
0.041375
0.041375
0.041697
0.041375
0.041052
0.041052
0.041375
0.041052
0.040408
0.040730
0.041375
0.041375
0.041375
0.041375
0.041052
0.041375
0.040730
0.041052
0.041052
0.040730
0.040730
0.041375
0.041052
0.041697
0.041052
0.042019
0.041375
0.041375
0.041375
0.041375
0.040730
0.040730
0.040730
0.041052
0.041375
0.041052
0.041375
0.041375
0.041375
0.041375
0.041375
0.041697
0.040408
0.040408
0.040408
0.041697
0.041052
0.041697
0.041697
0.041375
0.041052
0.041375
0.041375
0.040730
0.040085
0.039763
0.040730
0.041375
0.041052
0.041052
0.041375
0.041052
0.041375
0.041052
0.040730
0.041375
0.040730
0.041375
0.041375
0.041375
0.041052
0.041697
0.041375
0.041052
0.041375
0.041375
0.041052
0.040730
0.040408
0.040730
0.041375
0.041375
0.042019
0.041052
0.041375
0.040730
0.041375
0.041375
0.040408
0.040408
0.041375
0.041375
0.041697
0.042019
0.041375
0.041052
0.041697
0.041375
0.041375
0.041052
0.040730
0.041052
0.041375
0.041375
0.041697
0.042019
0.041697
0.041052
0.041052
0.041052
0.041375
0.040408
0.040730
0.041052
0.041052
0.041375
0.041375
0.041375
0.040730
0.041375
0.041375
0.041052
0.041052
0.040730
0.041052
0.041375
0.041052
0.041697
0.042019
0.041052
0.041697
0.040730
0.041375
0.041375
0.040730
0.040408
0.041697
0.041375
0.040730
0.041697
0.041375
0.041375
0.041052
0.041375
0.041375
0.040085
0.040730
0.040730
0.041375
0.041052
0.041375
0.040730
0.041697
0.041375
0.040730
0.040730
0.041375
0.040085
0.040085
0.041052
0.040730
0.041052
0.041375
0.041697
0.041697
0.040730
0.041052
0.041697
0.041052
0.040408
0.040730
0.041052
0.040730
0.040730
0.041052
0.041052
0.041052
0.041375
0.041052
0.040730
0.040085
0.040408
0.040730
0.040730
0.041052
0.041375
0.040730
0.041697
0.041052
0.040730
0.041052
0.040730
0.039763
0.040730
0.040730
0.040730
0.041052
0.041052
0.041052
0.041052
0.040730
0.041052
0.041052
0.040730
0.040085
0.041052
0.041052
0.041052
0.041697
0.041697
0.041052
0.041375
0.041375
0.041052
0.040730
0.040408
0.040085
0.040730
0.041052
0.041375
0.041697
0.041052
0.041375
0.041052
0.041052
0.041052
0.040085
0.040408
0.041052
0.041052
0.041375
0.041697
0.041375
0.041697
0.041697
0.041375
0.040730
0.040408
0.040730
0.040730
0.041375
0.041697
0.041375
0.041697
0.041375
0.041375
0.041052
0.041052
0.041052
0.040408
0.040730
0.040730
0.040730
0.040730
0.041052
0.041697
0.041375
0.041697
0.041052
0.041697
0.041375
0.040085
0.040730
0.040730
0.041375
0.041697
0.041375
0.041375
0.041052
0.041052
0.040730
0.040730
0.039763
0.040085
0.041375
0.041052
0.041697
0.042019
0.041375
0.041375
0.041052
0.042019
0.041052
0.040730
0.040408
0.041375
0.040730
0.041052
0.041697
0.041697
0.041052
0.041052
0.041375
0.041375
0.041052
0.040408
0.040730
0.041375
0.041375
0.041375
0.041697
0.041375
0.041375
0.041052
0.040730
0.041052
0.040408
0.041052
0.041052
0.041052
0.041052
0.041375
0.041052
0.041375
0.041052
0.040730
0.041052
0.041052
0.040408
0.040730
0.041052
0.041697
0.041375
0.041697
0.040730
0.041375
0.041052
0.041052
0.041697
0.040730
0.041052
0.040085
0.041375
0.040730
0.041697
0.041375
0.041375
0.040730
0.040730
0.041375
0.041052
0.040085
0.040085
0.041052
0.041697
0.041052
0.041697
0.041697
0.041375
0.041375
0.041375
0.041052
0.040730
0.041052
0.040730
0.041375
0.041375
0.041697
0.041375
0.041375
0.040730
0.041697
0.041052
0.041375
0.040408
0.040408
0.040730
0.041697
0.041375
0.041375
0.041375
0.041697
0.041052
0.041375
0.040730
0.041052
0.040408
0.040408
0.041375
0.041052
0.041697
0.041052
0.041052
0.041052
0.041052
0.041375
0.040408
0.040408
0.040408
0.041375
0.041375
0.041375
0.041375
0.041697
0.041375
0.041052
0.041375
0.040730
0.040408
0.040730
0.040730
0.041052
0.041375
0.042341
0.041697
0.041375
0.041375
0.041375
0.041375
0.041052
0.039763
0.040730
0.041052
0.041375
0.041052
0.041697
0.041375
0.041375
0.040730
0.040408
0.041052
0.040730
0.040085
0.040730
0.041052
0.041697
0.041697
0.041052
0.041052
0.041375
0.040730
0.041375
0.041375
0.040408
0.040408
0.041052
0.041375
0.041052
0.041697
0.041052
0.041052
0.041375
0.041375
0.041375
0.040408
0.040730
0.040408
0.040730
0.041052
0.041697
0.041375
0.041697
0.041375
0.041375
0.041052
0.041052
0.040085
0.040408
0.041375
0.040730
0.041375
0.041375
0.041697
0.041375
0.041375
0.041375
0.041052
0.040730
0.040730
0.041052
0.041375
0.041697
0.041375
0.042019
0.042019
0.041375
0.041052
0.041052
0.040730
0.040085
0.040408
0.041052
0.041697
0.041697
0.041375
0.041375
0.041375
0.041375
0.041375
0.041697
0.040730
0.040730
0.041052
0.040730
0.041375
0.041375
0.041375
0.041375
0.041052
0.041052
0.041052
0.040730
0.040408
0.040408
0.041375
0.041375
0.041697
0.041375
0.041052
0.041375
0.041375
0.041375
0.041375
0.040408
0.040730
0.040730
0.041052
0.041375
0.041697
0.041375
0.041052
0.041052
0.041375
0.041375
0.041052
0.040408
0.040730
0.041052
0.041052
0.041375
0.041375
0.041375
0.040408
0.041375
0.041375
0.041052
0.040408
0.040730
0.041052
0.041697
0.041375
0.041697
0.041052
0.040408
0.040408
0.041052
0.041375
0.040408
0.040085
0.040408
0.040730
0.040730
0.041697
0.041697
0.041052
0.041375
0.041697
0.041375
0.041052
0.040408
0.040408
0.041697
0.041052
0.041052
0.041697
0.041052
0.041052
0.041375
0.040730
0.041052
0.041052
0.040408
0.040408
0.041052
0.041375
0.041697
0.041697
0.041052
0.040730
0.041375
0.041375
0.041052
0.040408
0.040408
0.041052
0.041052
0.041375
0.041697
0.041697
0.041375
0.041697
0.041697
0.041375
0.041052
0.040408
0.040730
0.040730
0.041052
0.041697
0.041375
0.041375
0.041697
0.041375
0.040730
0.041375
0.040408
0.040730
0.040730
0.040730
0.040730
0.041375
0.041375
0.041697
0.040730
0.040730
0.041052
0.040408
0.040085
0.040408
0.040408
0.040730
0.040730
0.041052
0.041052
0.041052
0.040730
0.041375
0.041052
0.041052
0.040085
0.041052
0.041375
0.041052
0.041697
0.041697
0.041052
0.041052
0.041375
0.040730
0.040408
0.040085
0.040408
0.040730
0.041052
0.041052
0.041697
0.041052
0.040730
0.040730
0.041052
0.041375
0.041052
0.040730
0.040408
0.041375
0.041052
0.041375
0.041375
0.040408
0.041052
0.041375
0.040730
0.040408
0.040085
0.041375
0.041375
0.041697
0.041697
0.041375
0.041052
0.041052
0.041052
0.041052
0.041052
0.040085
0.040085
0.041052
0.041697
0.040730
0.041375
0.041697
0.041697
0.041052
0.041052
0.041375
0.040730
0.040408
0.040730
0.041052
0.041375
0.041375
0.041375
0.041375
0.040730
0.041375
0.040730
0.040730
0.040730
0.040085
0.041052
0.041375
0.041052
0.041697
0.041375
0.041375
0.041375
0.041052
0.041052
0.040085
0.040730
0.040730
0.041052
0.041375
0.041697
0.041375
0.040730
0.041052
0.040408
0.040730
0.040730
0.040408
0.040730
0.040730
0.040730
0.040730
0.042019
0.041697
0.041375
0.040730
0.041052
0.041697
0.040730
0.040085
0.041052
0.040730
0.040730
0.041052
0.041375
0.041052
0.041375
0.040730
0.041052
0.040408
0.040408
0.040085
0.041052
0.040730
0.042019
0.041375
0.041375
0.041375
0.040730
0.040730
0.041052
0.040408
0.040085
0.040408
0.040408
0.041052
0.041052
0.040730
0.041375
0.041052
0.040085
0.041052
0.041052
0.040085
0.040408
0.040730
0.041375
0.041052
0.041052
0.041375
0.041052
0.040408
0.041375
0.040730
0.040730
0.040085
0.040408
0.040730
0.041052
0.040730
0.041697
0.041052
0.041052
0.041052
0.041375
0.040730
0.039763
0.040730
0.041052
0.041052
0.040730
0.041697
0.041052
0.041052
0.041375
0.041052
0.041375
0.040730
0.040085
0.040085
0.041052
0.040730
0.041052
0.041697
0.041375
0.041052
0.041052
0.040730
0.041052
0.040408
0.040730
0.040730
0.040730
0.041052
0.040730
0.041697
0.040730
0.041052
0.041052
0.041052
0.040085
0.040085
0.040730
0.040730
0.041375
0.041375
0.041052
0.041052
0.040730
0.041052
0.041052
0.041052
0.040085
0.040730
0.041375
0.041375
0.041052
0.041697
0.041375
0.041375
0.041375
0.041375
0.041052
0.040408
0.040085
0.041052
0.041375
0.041375
0.041052
0.041697
0.040730
0.040730
0.041375
0.041375
0.040730
0.040085
0.040085
0.040730
0.041697
0.041375
0.041697
0.041375
0.041697
0.040730
0.041052
0.041052
0.040085
0.040408
0.040085
0.041052
0.041375
0.041375
0.040408
0.041052
0.041052
0.040730
0.041052
0.040408
0.039441
0.040408
0.040730
0.041052
0.041375
0.041375
0.041697
0.040730
0.041052
0.041375
0.041052
0.039763
0.040085
0.040408
0.041052
0.041052
0.041375
0.041375
0.040730
0.040408
0.041052
0.041052
0.040730
0.040408
0.040730
0.041052
0.041697
0.042019
0.041697
0.041052
0.041697
0.041697
0.041052
0.041052
0.040408
0.040085
0.040730
0.041052
0.041375
0.041375
0.041697
0.041375
0.040730
0.041052
0.041052
0.039763
0.040408
0.040730
0.040408
0.041052
0.042019
0.041375
0.040730
0.040730
0.041052
0.040730
0.041052
0.039763
0.040408
0.040408
0.041052
0.040730
0.041375
0.041052
0.040730
0.040730
0.041375
0.040730
0.040408
0.040730
0.040408
0.041052
0.041375
0.040730
0.041052
0.041052
0.040730
0.040730
0.040730
0.041052
0.040408
0.040730
0.040730
0.041375
0.041052
0.041052
0.040730
0.040730
0.040730
0.040408
0.041052
0.040408
0.040085
0.040408
0.040730
0.041052
0.041375
0.040730
0.041052
0.040730
0.041052
0.041375
0.041697
0.040408
0.040085
0.040408
0.040730
0.041375
0.042019
0.041052
0.041052
0.041375
0.041375
0.041375
0.041375
0.040085
0.040730
0.040730
0.041375
0.041052
0.041697
0.041052
0.041375
0.040730
0.041052
0.041052
0.041052
0.040730
0.040730
0.041052
0.040730
0.041697
0.041375
0.041052
0.040730
0.040730
0.041697
0.041052
0.040730
0.041052
0.041052
0.041697
0.041375
0.041375
0.041697
0.041375
0.041052
0.041375
0.041052
0.040085
0.040408
0.041052
0.041052
0.041052
0.041375
0.041375
0.041375
0.041052
0.041052
0.041052
0.041052
0.039763
0.040730
0.040730
0.040408
0.041375
0.041697
0.041375
0.041052
0.040730
0.041052
0.041052
0.040085
0.040408
0.040408
0.041052
0.041375
0.041052
0.041052
0.041375
0.040730
0.041052
0.041052
0.040085
0.040085
0.039763
0.040730
0.041052
0.040730
0.041052
0.041052
0.040730
0.041052
0.040730
0.041052
0.040730
0.040730
0.041052
0.041052
0.041375
0.041375
0.041052
0.040408
0.041052
0.041052
0.041375
0.041052
0.040408
0.041697
0.041052
0.041375
0.041697
0.041375
0.041375
0.041052
0.041052
0.041375
0.040730
0.040408
0.040730
0.040730
0.040730
0.041052
0.041052
0.041697
0.041375
0.041052
0.041375
0.040730
0.040408
0.040408
0.040730
0.041375
0.041052
0.041375
0.041052
0.041375
0.041375
0.041697
0.041375
0.041052
0.040085
0.041375
0.041052
0.041697
0.041375
0.042019
0.041375
0.041375
0.041052
0.041375
0.041052
0.041052
0.040408
0.041052
0.041375
0.041697
0.041697
0.041697
0.041375
0.041375
0.041697
0.041052
0.041375
0.040730
0.040730
0.040730
0.041052
0.041052
0.041375
0.041697
0.041052
0.041052
0.041052
0.040730
0.040408
0.040730
0.040730
0.040408
0.041052
0.041697
0.041052
0.041375
0.040730
0.040730
0.041052
0.041375
0.040408
0.040730
0.041052
0.040408
0.041052
0.041052
0.041375
0.040730
0.041052
0.040730
0.041052
0.040408
0.039763
0.040408
0.041052
0.041375
0.041697
0.042019
0.041375
0.041375
0.041375
0.041375
0.041052
0.040730
0.040408
0.040730
0.041052
0.041375
0.041375
0.041052
0.041052
0.041375
0.041052
0.041375
0.040408
0.040408
0.041052
0.041375
0.041052
0.041052
0.041375
0.041052
0.040730
0.041052
0.041052
0.041375
0.040730
0.041052
0.041375
0.041375
0.041375
0.041375
0.041375
0.041697
0.040730
0.041052
0.041375
0.040730
0.040730
0.041052
0.041375
0.041052
0.041697
0.041052
0.041052
0.041052
0.040730
0.041375
0.040730
0.039763
0.041052
0.041052
0.041052
0.041375
0.041697
0.041697
0.042019
0.041375
0.041052
0.041697
0.040408
0.040085
0.041375
0.040730
0.041375
0.041375
0.041052
0.041375
0.041375
0.041375
0.041052
0.041052
0.040408
0.040730
0.041052
0.041375
0.041375
0.041052
0.040730
0.040730
0.041697
0.041375
0.041375
0.040730
0.040085
0.041375
0.040730
0.041052
0.042019
0.041052
0.040730
0.040408
0.041375
0.041052
0.040408
0.040408
0.040730
0.040730
0.041052
0.041052
0.041375
0.041375
0.041052
0.041375
0.041375
0.040730
0.039763
0.040408
0.040730
0.041375
0.041052
0.041697
0.041697
0.042019
0.041052
0.041052
0.041697
0.041052
0.040408
0.040408
0.040730
0.041052
0.041052
0.041375
0.041375
0.041375
0.041375
0.041375
0.041052
0.040408
0.040730
0.041375
0.041375
0.041052
0.041375
0.041697
0.041052
0.041375
0.040730
0.041697
0.040730
0.040085
0.041052
0.040730
0.041052
0.041375
0.041052
0.041052
0.041052
0.041375
0.041052
0.041375
0.040085
0.040085
0.041052
0.041375
0.041375
0.041697
0.041052
0.040730
0.041052
0.041052
0.041375
0.040408
0.040085
0.040730
0.040730
0.041052
0.041697
0.041375
0.041375
0.041375
0.041375
0.041697
0.041375
0.040085
0.040408
0.040730
0.041052
0.041697
0.040730
0.041697
0.041052
0.041375
0.041375
0.041052
0.040085
0.040085
0.041052
0.040730
0.040730
0.041697
0.041375
0.041375
0.040730
0.041052
0.041375
0.041375
0.041052
0.040730
0.040730
0.040408
0.041052
0.041697
0.041052
0.041052
0.041052
0.040408
0.041375
0.040730
0.039763
0.041052
0.041052
0.041375
0.041375
0.042019
0.040730
0.040730
0.040730
0.041052
0.040730
0.040408
0.040085
0.041375
0.041375
0.040730
0.041375
0.041375
0.041697
0.040730
0.040730
0.041375
0.039763
0.040085
0.040085
0.040730
0.040730
0.040730
0.041697
0.041697
0.041375
0.040730
0.041375
0.040730
0.040730
0.040408
0.040730
0.040730
0.041052
0.040730
0.041375
0.041052
0.041375
0.041697
0.041375
0.041375
0.040085
0.041052
0.040730
0.041052
0.041697
0.041375
0.041052
0.041375
0.040730
0.041052
0.040408
0.040408
0.040730
0.040408
0.041697
0.041052
0.042019
0.041697
0.041052
0.041052
0.041052
0.041697
0.040408
0.040408
0.041052
0.041375
0.041375
0.041375
0.041375
0.041697
0.041052
0.041052
0.040730
0.041052
0.040085
0.040085
0.040730
0.040730
0.041052
0.041052
0.041052
0.041052
0.041052
0.041052
0.041375
0.040408
0.040085
0.040408
0.040730
0.040408
0.041052
0.041375
0.040408
0.040730
0.041052
0.040730
0.041052
0.040085
0.040085
0.040408
0.041052
0.041052
0.041052
0.041375
0.041052
0.040730
0.041052
0.041052
0.040730
0.040085
0.040730
0.041375
0.041052
0.041697
0.041375
0.041375
