0.037830
0.037830
0.037830
0.038152
0.038474
0.038796
0.038796
0.038796
0.038796
0.037830
0.038474
0.038474
0.037830
0.038152
0.038152
0.038152
0.038796
0.039119
0.038796
0.039119
0.038796
0.038474
0.038796
0.038152
0.037507
0.038152
0.037830
0.038796
0.038796
0.038796
0.038474
0.038152
0.038474
0.039119
0.038474
0.037507
0.037830
0.037830
0.038796
0.038796
0.038796
0.039441
0.038796
0.038474
0.039441
0.038796
0.037507
0.037830
0.038152
0.038474
0.038796
0.038796
0.039119
0.038474
0.038474
0.038796
0.038474
0.038474
0.037830
0.037830
0.038474
0.038796
0.038474
0.038796
0.038796
0.038796
0.039119
0.038474
0.038796
0.038474
0.037507
0.038152
0.038474
0.038474
0.038796
0.039119
0.038796
0.038474
0.038796
0.038152
0.038474
0.037830
0.038152
0.038796
0.038474
0.038474
0.038796
0.038474
0.038152
0.038796
0.038796
0.038474
0.037830
0.037507
0.037830
0.038152
0.038152
0.038796
0.038796
0.038796
0.038152
0.038152
0.038152
0.037830
0.037830
0.037185
0.037507
0.038152
0.038474
0.038796
0.039119
0.038152
0.038474
0.038152
0.037830
0.038474
0.037507
0.037830
0.038796
0.038474
0.038796
0.038796
0.038796
0.038474
0.038474
0.038152
0.038474
0.037507
0.037830
0.037830
0.037830
0.038474
0.038474
0.038796
0.038474
0.038474
0.038474
0.038796
0.038152
0.037830
0.037830
0.037830
0.038474
0.038474
0.038796
0.038796
0.038474
0.038474
0.038796
0.039119
0.037830
0.037830
0.037507
0.038152
0.039119
0.038796
0.039119
0.039119
0.038152
0.038474
0.038796
0.039119
0.037507
0.038474
0.038152
0.038474
0.038796
0.038474
0.038474
0.038474
0.038152
0.038474
0.038152
0.037830
0.037830
0.037830
0.037830
0.038152
0.038152
0.038474
0.038152
0.038474
0.039119
0.038152
0.038152
0.038152
0.037830
0.038796
0.038474
0.038152
0.038796
0.038474
0.038474
0.038796
0.037830
0.038152
0.038152
0.037507
0.037507
0.038152
0.038474
0.038796
0.039119
0.038796
0.038474
0.038796
0.038474
0.038474
0.037830
0.037507
0.038474
0.038474
0.038474
0.039119
0.038474
0.039119
0.038474
0.038796
0.038474
0.038474
0.037830
0.038152
0.038152
0.038796
0.038474
0.039119
0.038796
0.039441
0.038474
0.038474
0.038474
0.037830
0.037507
0.038152
0.037830
0.038152
0.039119
0.038796
0.038152
0.038796
0.037507
0.038152
0.038152
0.037507
0.037830
0.038474
0.038796
0.038796
0.039119
0.039763
0.042986
0.045886
0.050076
0.054910
0.059099
0.063933
0.068768
0.074246
0.078436
0.083270
0.086815
0.091004
0.094549
0.097772
0.100350
0.103250
0.105184
0.107762
0.110340
0.112596
0.114530
0.116141
0.117430
0.119042
0.120009
0.120653
0.122587
0.123231
0.123553
0.124520
0.125165
0.126132
0.127098
0.127743
0.127743
0.128710
0.128710
0.128710
0.129032
0.128710
0.128710
0.129677
0.129999
0.130321
0.130966
0.130966
0.129999
0.130966
0.130321
0.130966
0.130966
0.130643
0.130643
0.131288
0.131288
0.131610
0.132255
0.131610
0.131933
0.131610
0.131610
0.131933
0.131288
0.130966
0.131288
0.131933
0.132255
0.132255
0.131933
0.131933
0.131933
0.131933
0.131933
0.132255
0.131610
0.131610
0.131933
0.131610
0.132577
0.133222
0.132899
0.132255
0.132577
0.131933
0.131933
0.132255
0.131610
0.132255
0.131933
0.132577
0.133222
0.132577
0.132899
0.131933
0.132577
0.132255
0.132255
0.131610
0.131933
0.132577
0.132255
0.132255
0.132577
0.132577
0.132577
0.132899
0.132899
0.132577
0.131933
0.131933
0.132577
0.132577
0.133222
0.133222
0.132899
0.132577
0.132577
0.132577
0.132577
0.132577
0.131610
0.131933
0.132577
0.132577
0.132255
0.132577
0.132577
0.131933
0.131933
0.132577
0.132255
0.131610
0.131610
0.131610
0.131610
0.131933
0.132255
0.132577
0.132255
0.131933
0.132577
0.131610
0.131933
0.131610
0.131610
0.132899
0.132577
0.132255
0.132255
0.132577
0.132255
0.132899
0.131933
0.131933
0.131610
0.131288
0.131933
0.131933
0.132255
0.131933
0.132577
0.132255
0.132255
0.131933
0.132255
0.132255
0.131933
0.131610
0.131610
0.131933
0.132255
0.132899
0.132899
0.132255
0.131933
0.132577
0.131933
0.131933
0.131288
0.131610
0.132255
0.131610
0.131933
0.132255
0.132577
0.131933
0.132255
0.132255
0.132577
0.131610
0.131288
0.131933
0.131933
0.132255
0.132899
0.132255
0.131933
0.132577
0.131933
0.131610
0.131933
0.131288
0.130966
0.131933
0.132255
0.131933
0.132255
0.131933
0.132255
0.131610
0.131933
0.131610
0.131288
0.131288
0.131610
0.131933
0.132255
0.132577
0.132577
0.132577
0.132577
0.132255
0.132255
0.131933
0.131610
0.131610
0.132255
0.132899
0.132899
0.132577
0.132577
0.132255
0.132577
0.132577
0.132255
0.131933
0.132255
0.131933
0.131610
0.132255
0.132577
0.132577
0.132255
0.131933
0.132577
0.131933
0.131933
0.131288
0.131288
0.131610
0.132577
0.132255
0.132899
0.132577
0.131933
0.132255
0.132577
0.132577
0.131610
0.131933
0.131288
0.131610
0.132577
0.132255
0.132899
0.132577
0.132255
0.132255
0.131933
0.131933
0.131610
0.132255
0.131933
0.132577
0.132577
0.132899
0.132899
0.132577
0.132577
0.132255
0.132255
0.132255
0.131933
0.132255
0.132255
0.132899
0.132577
0.132577
0.132577
0.132255
0.132577
0.132899
0.132577
0.131610
0.132255
0.132255
0.132255
0.132899
0.132255
0.132577
0.132577
0.132255
0.132577
0.131933
0.132577
0.131288
0.131610
0.132255
0.132255
0.132577
0.131933
0.132255
0.132577
0.132255
0.132255
0.132899
0.131610
0.131288
0.131933
0.132577
0.132255
0.132255
0.132899
0.132255
0.132577
0.131933
0.131933
0.132577
0.131288
0.131610
0.132255
0.132255
0.132255
0.132577
0.132255
0.132255
0.132255
0.131610
0.132255
0.131610
0.131288
0.132577
0.131610
0.132577
0.132577
0.132255
0.131933
0.132255
0.132577
0.131610
0.131288
0.131610
0.131610
0.131933
0.131933
0.132577
0.132255
0.132255
0.131933
0.132255
0.132577
0.132255
0.132255
0.131933
0.131610
0.131933
0.131610
0.132255
0.131933
0.132255
0.131933
0.131610
0.131933
0.131610
0.130966
0.131288
0.131610
0.131933
0.131933
0.132255
0.131933
0.131933
0.131933
0.131933
0.132255
0.131933
0.131610
0.131610
0.132255
0.132577
0.132255
0.132255
0.131933
0.132577
0.131933
0.132577
0.132255
0.131288
0.131610
0.132255
0.132577
0.132255
0.132899
0.132577
0.132577
0.131288
0.132255
0.132255
0.131610
0.131933
0.131288
0.132255
0.132255
0.132255
0.132899
0.132577
0.132255
0.132577
0.132577
0.132577
0.131933
0.131933
0.131933
0.131933
0.131933
0.132899
0.132577
0.132255
0.132255
0.131610
0.131610
0.131933
0.132255
0.131288
0.132255
0.131933
0.132255
0.132899
0.132577
0.132255
0.132255
0.132255
0.132255
0.132577
0.131610
0.131933
0.132255
0.132255
0.133222
0.132255
0.132577
0.132899
0.132255
0.132255
0.132255
0.131610
0.131288
0.132577
0.132577
0.132255
0.132577
0.132899
0.132255
0.132577
0.132577
0.132577
0.131933
0.131288
0.131933
0.132577
0.131933
0.132577
0.132577
0.132255
0.132255
0.131933
0.132255
0.131610
0.131288
0.131933
0.132255
0.132255
0.132577
0.132255
0.132577
0.132577
0.131933
0.132577
0.132255
0.131933
0.132255
0.131933
0.131933
0.132255
0.132255
0.132899
0.132255
0.132255
0.132255
0.132255
0.131933
0.131610
0.131610
0.131933
0.132255
0.132255
0.132255
0.132577
0.132899
0.132577
0.132255
0.132899
0.131933
0.131933
0.132577
0.133222
0.132899
0.132255
0.132577
0.132577
0.132255
0.132899
0.132255
0.132255
0.132255
0.131610
0.131933
0.132577
0.131610
0.132899
0.132899
0.132577
0.132899
0.132577
0.132577
0.132899
0.131933
0.132577
0.132255
0.133222
0.132577
0.132577
0.132577
0.132255
0.132577
0.132255
0.132255
0.131610
0.131933
0.131933
0.132255
0.131933
0.133222
0.132577
0.132255
0.132255
0.132577
0.132255
0.131933
0.131933
0.131610
0.131933
0.131933
0.132577
0.132899
0.132255
0.132577
0.132577
0.132255
0.132255
0.131933
0.131288
0.131610
0.131933
0.131610
0.132577
0.132577
0.132255
0.132255
0.131933
0.132577
0.132255
0.131933
0.131610
0.132577
0.132255
0.132899
0.132899
0.132577
0.132577
0.132899
0.132255
0.132577
0.131933
0.131610
0.131933
0.132577
0.132899
0.132255
0.132255
0.132255
0.132577
0.132255
0.132577
0.131933
0.131610
0.132255
0.132255
0.132255
0.132255
0.132899
0.132255
0.132255
0.131933
0.132577
0.131933
0.131610
0.131933
0.131933
0.132577
0.132255
0.133222
0.132899
0.132255
0.132899
0.131933
0.132255
0.132577
0.131933
0.131610
0.132255
0.132577
0.132577
0.132577
0.132899
0.132577
0.131933
0.132255
0.132255
0.132255
0.131288
0.131288
0.131933
0.132577
0.132577
0.132899
0.132255
0.131933
0.132255
0.131933
0.131933
0.131933
0.131288
0.131610
0.132255
0.132255
0.132577
0.132577
0.132255
0.131933
0.131933
0.131610
0.131610
0.131933
0.130966
0.131610
0.131933
0.132255
0.132255
0.132255
0.131933
0.131933
0.132255
0.131933
0.131610
0.131288
0.132255
0.132577
0.131933
0.132577
0.132577
0.132255
0.132577
0.132899
0.132255
0.132577
0.131933
0.132255
0.131933
0.131933
0.132899
0.132899
0.132577
0.131933
0.131933
0.132255
0.131933
0.131610
0.131610
0.132577
0.131933
0.131933
0.132577
0.132255
0.131933
0.131933
0.132255
0.132255
0.131610
0.131610
0.131933
0.131610
0.132255
0.131933
0.132577
0.132577
0.132899
0.131610
0.132577
0.132255
0.131610
0.131933
0.131610
0.132255
0.132577
0.132255
0.132255
0.132899
0.132255
0.131933
0.132577
0.132577
0.131610
0.131288
0.131933
0.131933
0.132577
0.132577
0.132255
0.132255
0.131933
0.132255
0.131933
0.130966
0.131610
0.131288
0.131288
0.131933
0.131933
0.131933
0.131933
0.132255
0.132577
0.131610
0.131933
0.131610
0.131610
0.131610
0.132255
0.131610
0.132255
0.132899
0.131933
0.132255
0.132255
0.132577
0.131933
0.131288
0.131933
0.131933
0.132255
0.132255
0.132899
0.131933
0.131933
0.132255
0.131610
0.132255
0.131610
0.131610
0.132255
0.132255
0.132255
0.132899
0.132255
0.131933
0.131933
0.131933
0.131933
0.132255
0.130966
0.131933
0.132577
0.131933
0.132255
0.132577
0.132255
0.132255
0.132255
0.131933
0.132255
0.131610
0.131288
0.131610
0.132255
0.131933
0.132255
0.131933
0.131933
0.132577
0.132577
0.132255
0.132255
0.131610
0.131288
0.132255
0.132255
0.132899
0.132899
0.132577
0.131610
0.131933
0.132255
0.132577
0.131933
0.131288
0.131610
0.132255
0.132577
0.132577
0.132255
0.132577
0.132899
0.132255
0.132899
0.132255
0.131610
0.132255
0.131933
0.132899
0.132255
0.132577
0.132577
0.132577
0.131933
0.132255
0.132577
0.131933
0.131610
0.131933
0.132255
0.132577
0.132577
0.132899
0.132255
0.132255
0.131933
0.132577
0.131933
0.131288
0.131610
0.131610
0.131610
0.132577
0.132255
0.132577
0.132255
0.131933
0.132577
0.131933
0.131288
0.131610
0.131933
0.131933
0.131933
0.132255
0.132577
0.132577
0.131933
0.132577
0.132255
0.132255
0.131610
0.131933
0.131933
0.132255
0.132577
0.132899
0.131933
0.132255
0.131933
0.132255
0.131933
0.131610
0.131288
0.131610
0.131933
0.131933
0.132255
0.131933
0.132255
0.131933
0.132255
0.132255
0.131933
0.131933
0.131288
0.131610
0.131288
0.131933
0.133222
0.132255
0.132577
0.132255
0.132255
0.131933
0.131610
0.131610
0.131610
0.132255
0.131933
0.132899
0.132577
0.132255
0.131610
0.131933
0.131610
0.132255
0.130966
0.131933
0.131933
0.131933
0.131933
0.132577
0.132577
0.132255
0.132577
0.132255
0.132255
0.132255
0.131610
0.131610
0.131933
0.132255
0.132577
0.132255
0.131933
0.132577
0.131933
0.131933
0.131933
0.131610
0.131610
0.131933
0.131610
0.132577
0.131933
0.132255
0.131933
0.132577
0.131933
0.132255
0.131610
0.131610
0.131933
0.131610
0.132255
0.132577
0.132577
0.132255
0.132577
0.132577
0.132255
0.132577
0.131288
0.131610
0.131288
0.131933
0.132255
0.132577
0.131933
0.132255
0.131933
0.131933
0.132255
0.132255
0.131610
0.130966
0.131933
0.131933
0.132255
0.133222
0.132577
0.131933
0.132255
0.132255
0.132255
0.131933
0.130966
0.131610
0.132255
0.132577
0.132577
0.131933
0.132577
0.131933
0.131933
0.131610
0.131933
0.131610
0.131288
0.131288
0.132255
0.131933
0.132577
0.132255
0.131933
0.132577
0.132577
0.131933
0.131933
0.131610
0.130966
0.131933
0.132255
0.132899
0.132577
0.132577
0.132577
0.132899
0.131933
0.132255
0.131933
0.131288
0.131288
0.131933
0.131610
0.132577
0.132255
0.132255
0.132255
0.131933
0.131933
0.131610
0.130643
0.131933
0.131610
0.131933
0.131933
0.131933
0.131933
0.132255
0.132255
0.131933
0.132577
0.131933
0.131288
0.131610
0.131933
0.132577
0.132255
0.132255
0.132577
0.132255
0.132255
0.132577
0.131933
0.131610
0.131610
0.131610
0.131933
0.132255
0.132255
0.131933
0.131933
0.131933
0.131933
0.131933
0.131610
0.131288
0.131288
0.131610
0.132255
0.132577
0.132577
0.132577
0.131610
0.132255
0.131933
0.132255
0.131288
0.131288
0.131933
0.131933
0.132255
0.132899
0.132255
0.132577
0.131610
0.132577
0.132255
0.131610
0.131288
0.131610
0.132255
0.132899
0.131933
0.132577
0.132255
0.132255
0.132255
0.132577
0.131610
0.131288
0.131288
0.131933
0.131933
0.131933
0.132577
0.132899
0.131933
0.132577
0.131610
0.131610
0.131933
0.131610
0.131933
0.131933
0.132255
0.131933
0.132577
0.131933
0.132255
0.132577
0.132255
0.131933
0.131610
0.131288
0.131933
0.131933
0.132577
0.132899
0.132255
0.132577
0.131933
0.131933
0.131610
0.131933
0.131610
0.131288
0.131610
0.132255
0.132255
0.132255
0.131610
0.132577
0.132255
0.132255
0.131933
0.131288
0.131610
0.131933
0.131933
0.132255
0.131933
0.132577
0.132255
0.132577
0.132255
0.132577
0.132577
0.131288
0.131288
0.132255
0.131610
0.132255
0.132255
0.132255
0.131610
0.132255
0.131933
0.132255
0.131288
0.130966
0.131610
0.132255
0.131933
0.132899
0.132255
0.131933
0.131610
0.131933
0.132577
0.131933
0.131610
0.131610
0.131933
0.131610
0.131933
0.132255
0.132255
0.132255
0.131933
0.132255
0.131933
0.131933
0.131610
0.131933
0.131933
0.132577
0.132577
0.131933
0.132255
0.132255
0.131933
0.132577
0.132899
0.131933
0.131933
0.131610
0.132255
0.132255
0.132255
0.132255
0.132255
0.131933
0.132255
0.132255
0.131933
0.131288
0.131288
0.131933
0.132255
0.131933
0.131933
0.131933
0.131933
0.131610
0.131933
0.131933
0.131288
0.131288
0.131610
0.131610
0.131288
0.131933
0.132899
0.131933
0.132255
0.132255
0.132255
0.132255
0.131288
0.131288
0.131933
0.132255
0.132255
0.132577
0.132577
0.132255
0.132255
0.131933
0.132255
0.131610
0.131288
0.131933
0.132255
0.132255
0.132255
0.132577
0.131933
0.132255
0.132577
0.132255
0.132577
0.131610
0.131610
0.132255
0.131933
0.132577
0.132255
0.132577
0.132255
0.132255
0.132255
0.132255
0.131610
0.131288
0.131933
0.132255
0.132577
0.132899
0.132577
0.132255
0.132255
0.132255
0.131933
0.132255
0.131610
0.131610
0.131933
0.132255
0.132255
0.132577
0.132577
0.132577
0.131933
0.131610
0.131933
0.131610
0.131610
0.131933
0.131933
0.132577
0.132577
0.132577
0.132899
0.132255
0.132255
0.132255
0.131933
0.131610
0.131933
0.131610
0.132577
0.132577
0.132255
0.131933
0.131933
0.132255
0.132577
0.132255
0.131610
0.131933
0.131610
0.131933
0.132577
0.132577
0.132577
0.132899
0.132899
0.131933
0.132255
0.132577
0.131610
0.131610
0.132255
0.132577
0.132577
0.132899
0.132255
0.132899
0.132255
0.132577
0.132577
0.132255
0.131933
0.131933
0.132255
0.132255
0.132255
0.132577
0.132577
0.132577
0.132255
0.132577
0.132577
0.131933
0.131610
0.132255
0.132577
0.132577
0.132899
0.133222
0.132255
0.132577
0.132577
0.132577
0.132255
0.131610
0.131610
0.132255
0.132577
0.132577
0.132577
0.132255
0.132577
0.131933
0.132255
0.132255
0.131610
0.131610
0.132255
0.131933
0.132255
0.132899
0.132255
0.132255
0.131933
0.132255
0.132255
0.132255
0.131288
0.131288
0.131933
0.131610
0.132255
0.132577
0.131933
0.131933
0.132577
0.132255
0.132255
0.131610
0.131288
0.131933
0.131933
0.132577
0.132899
0.132255
0.132255
0.131610
0.131933
0.131933
0.132255
0.130966
0.131288
0.132577
0.131933
0.131933
0.132255
0.132255
0.131610
0.131610
0.131933
0.131933
0.131610
0.131288
0.131933
0.132255
0.132577
0.132577
0.132577
0.132577
0.132255
0.132899
0.132577
0.131933
0.131288
0.131933
0.132255
0.131933
0.132899
0.132577
0.132899
0.131933
0.132255
0.132255
0.132577
0.132577
0.131610
0.131610
0.132255
0.132255
0.133222
0.132577
0.132899
0.132255
0.132255
0.132577
0.132255
0.132577
0.131933
0.131610
0.132899
0.132255
0.132577
0.132899
0.131933
0.132255
0.131933
0.132255
0.131933
0.130966
0.131610
0.132255
0.131610
0.132255
0.132577
0.132255
0.131610
0.132577
0.132577
0.132255
0.131610
0.131610
0.131610
0.132255
0.131610
0.132899
0.132899
0.131933
0.132577
0.132577
0.132577
0.132255
0.131610
0.131288
0.132577
0.132899
0.132255
0.132899
0.132577
0.132577
0.132577
0.132255
0.133222
0.131933
0.131610
0.132577
0.131933
0.132577
0.133222
0.132899
0.132577
0.132255
0.132577
0.131933
0.132255
0.131933
0.131933
0.132577
0.132255
0.132899
0.132899
0.132577
0.132255
0.132255
0.132577
0.132899
0.131933
0.131610
0.131933
0.131933
0.132899
0.132899
0.132577
0.132577
0.132577
0.132577
0.132255
0.132577
0.131610
0.131933
0.132255
0.132577
0.132899
0.132899
0.131933
0.132577
0.132255
0.131933
0.132577
0.132255
0.131610
0.131610
0.132577
0.132577
0.132255
0.133222
0.132899
0.131933
0.131933
0.132577
0.132577
0.131610
0.131610
0.132255
0.132577
0.132255
0.132899
0.132577
0.132255
0.132255
0.131933
0.132255
0.131288
0.131610
0.131933
0.132577
0.132255
0.132899
0.133222
0.133544
0.132577
0.132899
0.132255
0.133222
0.131933
0.131288
0.132577
0.132577
0.132255
0.132577
0.132899
0.132899
0.132577
0.132577
0.132577
0.132255
0.132255
0.131933
0.132577
0.132577
0.132577
0.132899
0.132899
0.132255
0.132577
0.132899
0.132577
0.132255
0.132255
0.131933
0.132577
0.133222
0.133222
0.133222
0.132577
0.132899
0.132899
0.132255
0.132899
0.132255
0.132255
0.132255
0.132899
0.132577
0.132577
0.132899
0.132577
0.133222
0.132255
0.132899
0.132577
0.131610
0.132255
0.132577
0.132255
0.133222
0.132899
0.132899
0.132577
0.132577
0.132899
0.132577
0.131288
0.131933
0.132899
0.132255
0.132577
0.133544
0.132577
0.132899
0.132899
0.132899
0.132899
0.131933
0.131933
0.131933
0.132577
0.132577
0.132577
0.133222
0.132577
0.133544
0.132255
0.132577
0.131933
0.131610
0.131933
0.132255
0.132255
0.132255
0.132899
0.132899
0.132899
0.132577
0.132577
0.132577
0.131933
0.131610
0.131933
0.132255
0.132577
0.132899
0.132899
0.132577
0.132577
0.132255
0.132899
0.132577
0.131933
0.131610
0.132255
0.132577
0.132255
0.132899
0.132577
0.132577
0.132577
0.132577
0.132577
0.131933
0.131933
0.132255
0.132255
0.132255
0.132255
0.132899
0.133222
0.132577
0.132255
0.132577
0.132255
0.131933
0.131288
0.131933
0.131933
0.132255
0.132577
0.132577
0.132255
0.131933
0.131610
0.132577
0.132577
0.131933
0.131610
0.132255
0.131933
0.132577
0.132577
0.132577
0.132255
0.132899
0.132255
0.132255
0.131288
0.131610
0.131610
0.131933
0.132577
0.132577
0.132577
0.131933
0.132577
0.132255
0.132577
0.132577
0.132255
0.132577
0.132577
0.132899
0.132255
0.133222
0.132577
0.132577
0.132577
0.132255
0.132899
0.132255
0.131610
0.132577
0.132255
0.132577
0.132577
0.132255
0.132899
0.132577
0.132577
0.132899
0.132255
0.131288
0.131610
0.132577
0.132577
0.133222
0.132899
0.132899
0.132255
0.132255
0.132255
0.132577
0.132255
0.131933
0.132577
0.131288
-0.356951
-0.356629
-0.357274
-0.356629
-0.357274
-0.357596
-0.357274
-0.356951
-0.356951
-0.356629
-0.356307
-0.356629
-0.356951
-0.356951
-0.356951
-0.357596
-0.357918
-0.357274
-0.357274
-0.357274
-0.356629
-0.356629
-0.356629
-0.356307
-0.356951
-0.356307
-0.356629
-0.356629
-0.357274
-0.356951
-0.356629
-0.357274
-0.356629
-0.356629
-0.355985
-0.357274
-0.356951
-0.356951
-0.356629
-0.356951
-0.357274
-0.357596
-0.357274
-0.356951
-0.356307
-0.356951
-0.357596
-0.356951
-0.356951
-0.356951
-0.356951
-0.357918
-0.357274
-0.357274
-0.356951
-0.356629
-0.356629
-0.357274
-0.356307
-0.356307
-0.356951
-0.356951
-0.357274
-0.357596
-0.357918
-0.356951
-0.357596
-0.356629
-0.356629
-0.356307
-0.356629
-0.356307
-0.356629
-0.356629
-0.357596
-0.356951
-0.356629
-0.356307
-0.356629
-0.356629
-0.356307
-0.356307
-0.356951
-0.356629
-0.356307
-0.356951
-0.357918
-0.357596
-0.356951
-0.356629
-0.356629
-0.356307
-0.356629
-0.356307
-0.356951
-0.356629
-0.356629
-0.356951
-0.356951
-0.356951
-0.356951
-0.356951
-0.356307
-0.355985
-0.356307
-0.356629
-0.356629
-0.356629
-0.357596
-0.357596
-0.357274
-0.357274
-0.356951
-0.355985
-0.356629
-0.356951
-0.356951
-0.356951
-0.356307
-0.356951
-0.357918
-0.357918
-0.356951
-0.356629
-0.356629
-0.356951
-0.356951
-0.356629
-0.356629
-0.355985
-0.356629
-0.356951
-0.357596
-0.356951
-0.356951
-0.356951
-0.356307
-0.356307
-0.356629
-0.356629
-0.356629
-0.356307
-0.356629
-0.357918
-0.357274
-0.356951
-0.356951
-0.357274
-0.356307
-0.356629
-0.356951
-0.356951
-0.356629
-0.356629
-0.356951
-0.357918
-0.357596
-0.357274
-0.356307
-0.356629
-0.356629
-0.355985
-0.356629
-0.356951
-0.356951
-0.356951
-0.357274
-0.357918
-0.356951
-0.356629
-0.356951
-0.356951
-0.356307
-0.357274
-0.356951
-0.357274
-0.357274
-0.357274
-0.357596
-0.357596
-0.356951
-0.357274
-0.356951
-0.356951
-0.356951
-0.356629
-0.356951
-0.357274
-0.357274
-0.357596
-0.357596
-0.356951
-0.356951
-0.356951
-0.356629
-0.356629
-0.357274
-0.356629
-0.356951
-0.357596
-0.357274
-0.357596
-0.357918
-0.357274
-0.357274
-0.357274
-0.356951
-0.356951
-0.356951
-0.356629
-0.356951
-0.356951
-0.356951
-0.357918
-0.356951
-0.357274
-0.356951
-0.356629
-0.356629
-0.356951
-0.356629
-0.357596
-0.356951
-0.356951
-0.357596
-0.357596
-0.357274
-0.356951
-0.357274
-0.356629
-0.356951
-0.356951
-0.356951
-0.356951
-0.356951
-0.357274
-0.357596
-0.357596
-0.357274
-0.356951
-0.356629
-0.356951
-0.356951
-0.356629
-0.356307
-0.350828
-0.339871
-0.325369
-0.307322
-0.287019
-0.266716
-0.246091
-0.225465
-0.205807
-0.186471
-0.169390
-0.152310
-0.135874
-0.121372
-0.108159
-0.094946
-0.083022
-0.071742
-0.061752
-0.052084
-0.044349
-0.036615
-0.030169
-0.023080
-0.017601
-0.012767
-0.008255
-0.004066
0.001091
0.004636
0.007536
0.011081
0.013015
0.015271
0.017527
0.020105
0.021716
0.022361
0.023650
0.024939
0.026872
0.028161
0.029451
0.030417
0.031062
0.031384
0.032996
0.033318
0.032996
0.032673
0.033640
0.034607
0.035574
0.035574
0.035896
0.035251
0.035896
0.036540
0.036218
0.036863
0.036218
0.036863
0.037185
0.037830
0.037830
0.038474
0.038474
0.037830
0.038152
0.037830
0.037830
0.037830
0.037185
0.037507
0.038474
0.037830
0.039119
0.038796
0.038152
0.038474
0.038474
0.038474
0.038474
0.037830
0.037830
0.038152
0.038474
0.038796
0.038796
0.039119
0.038796
0.038474
0.038796
0.039119
0.038474
0.038152
0.038152
0.038796
0.038474
0.038474
0.039441
0.038796
0.039119
0.038474
0.039119
0.038796
0.038152
0.038152
0.038152
0.038796
0.039119
0.039119
0.038796
0.039119
0.038474
0.038796
0.039119
0.038474
0.037830
0.038152
0.038474
0.039119
0.039441
0.039119
0.039119
0.038796
0.038796
0.038796
0.038796
0.038796
0.038152
0.038152
0.039119
0.039119
0.038474
0.038474
0.039119
0.038474
0.038474
0.038796
0.039119
0.038152
0.037830
0.038152
0.038796
0.038796
0.038796
0.039119
0.038796
0.038474
0.038152
0.038796
0.037830
0.038152
0.037507
0.038796
0.038474
0.038796
0.038796
0.038474
0.038152
0.039119
0.039119
0.038796
0.037830
0.038152
0.038152
0.038152
0.038796
0.039763
0.039441
0.038796
0.038796
0.038796
0.038474
0.037830
0.037830
0.038152
0.038474
0.038796
0.039441
0.039441
0.038796
0.039119
0.038474
0.038474
0.038474
0.037830
0.037830
0.038152
0.038474
0.038796
0.039441
0.039119
0.038474
0.038796
0.038796
0.038474
0.037830
0.038152
0.038152
0.038474
0.038796
0.038796
0.039119
0.038796
0.038152
0.038474
0.038152
0.038796
0.037830
0.037830
0.038796
0.037830
0.039119
0.038796
0.039119
0.038796
0.038796
0.038796
0.038152
0.039119
0.038152
0.038796
0.039119
0.039441
0.039119
0.039119
0.039119
0.038796
0.039119
0.038796
0.038796
0.037507
0.037830
0.038474
0.038796
0.038796
0.039119
0.039119
0.039119
0.038796
0.038474
0.039119
0.038796
0.038474
0.038474
0.038796
0.038796
0.038796
0.039119
0.039119
0.039441
0.038796
0.039119
0.038796
0.038152
0.038474
0.038474
0.038796
0.039119
0.038796
0.039763
0.039119
0.039441
0.038796
0.038796
0.038796
0.038152
0.038474
0.038796
0.038796
0.039119
0.039119
0.038796
0.038796
0.038796
0.038152
0.038796
0.038474
0.038152
0.038152
0.038796
0.038474
0.038796
0.039441
0.038796
0.038474
0.038796
0.038796
0.038796
0.037830
0.037830
0.038796
0.039119
0.038796
0.039441
0.038796
0.038796
0.038474
0.039119
0.038474
0.038152
0.038152
0.037830
0.038474
0.038474
0.038796
0.039119
0.038796
0.038474
0.038152
0.038796
0.039119
0.038152
0.037830
0.038474
0.038474
0.038474
0.039119
0.039119
0.039119
0.039119
0.038796
0.038796
0.038474
0.038152
0.037507
0.038152
0.038796
0.038796
0.038474
0.038796
0.039119
0.038474
0.039441
0.039119
0.037830
0.037830
0.038152
0.039119
0.038474
0.039119
0.038796
0.039119
0.038796
0.039119
0.038474
0.038474
0.037830
0.038152
0.038474
0.038796
0.039119
0.038796
0.039119
0.039119
0.038474
0.038152
0.039119
0.038152
0.038152
0.037830
0.038474
0.038796
0.038474
0.038474
0.038474
0.038152
0.038474
0.038474
0.038474
0.037830
0.038152
0.038474
0.038796
0.039441
0.038796
0.039119
0.038796
0.038152
0.038796
0.038796
0.038152
0.037830
0.038474
0.038474
0.038796
0.039119
0.038796
0.038796
0.039119
0.039119
0.038152
0.038152
0.037830
0.037507
0.038474
0.038796
0.038796
0.039119
0.039119
0.038474
0.038796
0.039119
0.038796
0.038474
0.037830
0.038152
0.038796
0.038796
0.038796
0.039119
0.038796
0.038796
0.038474
0.039119
0.038796
0.038152
0.037507
0.038796
0.038474
0.038152
0.038474
0.038796
0.038152
0.038152
0.038474
0.039119
0.038796
0.038152
0.038152
0.039119
0.039119
0.039119
0.039119
0.039119
0.039119
0.039119
0.038796
0.038796
0.037830
0.037830
0.038474
0.039119
0.039119
0.038796
0.038796
0.039119
0.038796
0.038796
0.038474
0.038474
0.037507
0.037830
0.038474
0.039119
0.038796
0.039441
0.039119
0.039119
0.038474
0.039119
0.038796
0.038152
0.038152
0.038796
0.039119
0.039119
0.039119
0.039763
0.039119
0.038474
0.038796
0.039441
0.039119
0.038152
0.038152
0.038474
0.039441
0.039441
0.039119
0.039763
0.039441
0.039119
0.039119
0.039119
0.038796
0.038474
0.038474
0.038796
0.038796
0.039119
0.039441
0.039119
0.038474
0.039119
0.038796
0.039119
0.038474
0.038152
0.038796
0.039119
0.039119
0.039441
0.039119
0.038796
0.038796
0.039441
0.038796
0.038796
0.038152
0.038152
0.038474
0.039119
0.039119
0.039119
0.038796
0.038796
0.039119
0.038796
0.039441
0.038474
0.038474
0.038152
0.038796
0.039119
0.039119
0.038796
0.038796
0.038152
0.038796
0.038796
0.038152
0.038796
0.038796
0.038474
0.038796
0.039441
0.039119
0.039441
0.039441
0.039119
0.038474
0.039119
0.038474
0.038152
0.038474
0.038796
0.037830
0.039119
0.039441
0.038796
0.039119
0.038474
0.038152
0.038474
0.038152
0.038152
0.038474
0.038796
0.038474
0.039119
0.039119
0.038796
0.038796
0.038796
0.039441
0.038474
0.038152
0.038474
0.038796
0.039441
0.038796
0.039763
0.039119
0.038474
0.038796
0.039119
0.038796
0.037830
0.038474
0.037830
0.038796
0.038474
0.039119
0.038796
0.038474
0.038796
0.038796
0.038796
0.038152
0.037830
0.038152
0.038796
0.038796
0.038796
0.038796
0.039119
0.038796
0.039441
0.039119
0.038796
0.037830
0.038474
0.038474
0.039119
0.038796
0.038796
0.039119
0.038796
0.038152
0.039119
0.038474
0.038474
0.038796
0.038152
0.038474
0.038474
0.038796
0.039441
0.038796
0.038796
0.038474
0.038796
0.038796
0.038152
0.038152
0.038796
0.039119
0.038796
0.039119
0.039119
0.039119
0.039441
0.038796
0.038796
0.038474
0.037507
0.038152
0.039119
0.038796
0.038796
0.038796
0.039119
0.039119
0.039119
0.038474
0.038796
0.038152
0.037507
0.038796
0.039119
0.038474
0.038474
0.039119
0.039119
0.038796
0.038796
0.039763
0.038796
0.038152
0.038152
0.038796
0.039119
0.039119
0.039441
0.038796
0.039119
0.038796
0.038796
0.038796
0.038152
0.038152
0.038474
0.038474
0.038796
0.039119
0.038796
0.039441
0.038796
0.039119
0.039119
0.038474
0.038152
0.038152
0.038796
0.038796
0.039119
0.039119
0.039441
0.039119
0.038796
0.038796
0.038474
0.037830
0.038474
0.038474
0.038796
0.038796
0.039119
0.039441
0.038796
0.038796
0.038474
0.038796
0.038152
0.038152
0.038796
0.038796
0.038474
0.038796
0.038796
0.039119
0.038796
0.039119
0.038796
0.038796
0.038474
0.038474
0.038152
0.038474
0.039119
0.038474
0.039441
0.039119
0.038474
0.038474
0.038796
0.038796
0.037830
0.038152
0.038474
0.038796
0.039119
0.038796
0.038796
0.038796
0.039119
0.038796
0.039119
0.038474
0.037830
0.038152
0.038474
0.039119
0.039441
0.038796
0.039441
0.038796
0.039119
0.038796
0.039119
0.037507
0.038152
0.038796
0.038796
0.038796
0.039441
0.038796
0.038796
0.038474
0.039119
0.038796
0.038474
0.037830
0.037830
0.038474
0.038796
0.039119
0.039119
0.039119
0.039119
0.038796
0.038796
0.038474
0.038152
0.037507
0.037830
0.038474
0.038796
0.038474
0.038474
0.038796
0.038796
0.038474
0.038474
0.038474
0.037830
0.038152
0.038474
0.038152
0.039119
0.038474
0.038796
0.038796
0.038152
0.038474
0.038796
0.038152
0.037185
0.038796
0.038474
0.038796
0.039119
0.038152
0.038796
0.038474
0.038474
0.038474
0.038152
0.037830
0.038474
0.038474
0.038796
0.039119
0.039119
0.038796
0.038796
0.039119
0.038796
0.038796
0.038152
0.037830
0.038474
0.038796
0.039119
0.038796
0.039441
0.039119
0.038474
0.038474
0.038796
0.039119
0.038152
0.038474
0.038796
0.039441
0.038474
0.039441
0.039119
0.039119
0.038474
0.038474
0.039441
0.038474
0.038474
0.038474
0.038796
0.038796
0.038796
0.039441
0.039119
0.038474
0.039119
0.039441
0.039441
0.038474
0.038474
0.038796
0.038796
0.038474
0.039119
0.039763
0.038474
0.038474
0.039119
0.038796
0.038474
0.038474
0.038474
0.038796
0.038796
0.039441
0.039441
0.039119
0.039441
0.038796
0.038474
0.038474
0.037830
0.037185
0.038152
0.038474
0.038474
0.038474
0.038474
0.038474
0.038796
0.038796
0.038474
0.038474
0.037830
0.038474
0.038796
0.038474
0.038796
0.039119
0.038796
0.038474
0.039119
0.038474
0.038474
0.037830
0.037830
0.038474
0.038474
0.039119
0.039119
0.039119
0.038796
0.038474
0.039119
0.038796
0.038796
0.037830
0.038474
0.038796
0.038474
0.039119
0.039119
0.039119
0.039119
0.039119
0.039119
0.039119
0.038796
0.037830
0.038474
0.039119
0.039441
0.039119
0.039441
0.039441
0.039119
0.038796
0.039119
0.038796
0.038474
0.038796
0.038474
0.038796
0.038796
0.039119
0.038796
0.039119
0.039119
0.038474
0.038796
0.038474
0.038152
0.038152
0.039119
0.038796
0.039119
0.038796
0.039119
0.038474
0.038796
0.038474
0.038474
0.038474
0.037830
0.038474
0.039119
0.038796
0.039119
0.038796
0.039119
0.038796
0.038474
0.039119
0.038796
0.038152
0.038796
0.038474
0.039119
0.039119
0.039441
0.039119
0.039119
0.038796
0.039119
0.038796
0.038474
0.038474
0.038796
0.038796
0.038796
0.039763
0.039119
0.038796
0.038474
0.038796
0.038796
0.038152
0.038474
0.038474
0.038796
0.039119
0.039119
0.039119
0.038796
0.038474
0.038796
0.038796
0.038152
0.037830
0.037185
0.038152
0.038796
0.037830
0.039119
0.038474
0.038796
0.038474
0.038474
0.039119
0.038474
0.037830
0.038796
0.038474
0.039119
0.038796
0.039441
0.039441
0.038796
0.038474
0.039119
0.039119
0.038474
0.038152
0.038796
0.038796
0.039119
0.038796
0.039119
0.039119
0.038796
0.038474
0.038796
0.038474
0.037830
0.037507
0.038796
0.038474
0.038474
0.038796
0.039119
0.038152
0.038474
0.038796
0.039119
0.038474
0.038152
0.038474
0.038474
0.038796
0.038796
0.039119
0.039119
0.038474
0.038474
0.038796
0.038796
0.038152
0.038152
0.038152
0.039119
0.038474
0.039441
0.038796
0.039119
0.038474
0.038796
0.038796
0.038474
0.037830
0.038796
0.038474
0.039441
0.039119
0.039119
0.038796
0.038474
0.038796
0.038474
0.038796
0.037830
0.037830
0.038474
0.038152
0.038474
0.038796
0.039441
0.038796
0.038474
0.038796
0.038796
0.037830
0.037830
0.038474
0.038796
0.038474
0.038474
0.038796
0.039119
0.038796
0.039119
0.038152
0.038474
0.038474
0.037830
0.038796
0.039119
0.038796
0.038796
0.039119
0.038796
0.039119
0.038474
0.039119
0.038474
0.038152
0.038152
0.038152
0.038796
0.039119
0.039119
0.038796
0.039441
0.039119
0.039441
0.039119
0.038474
0.037830
0.038796
0.039119
0.038796
0.039763
0.038474
0.038796
0.038474
0.038474
0.038796
0.038796
0.038474
0.038474
0.038474
0.038796
0.038796
0.038796
0.038796
0.038796
0.038796
0.038474
0.038474
0.038152
0.037830
0.038152
0.038474
0.038474
0.038796
0.038796
0.038796
0.038474
0.038152
0.038474
0.038474
0.037507
0.037830
0.038152
0.038796
0.039119
0.039119
0.039441
0.038796
0.038474
0.038474
0.038796
0.037830
0.038152
0.038474
0.038474
0.038796
0.038152
0.038474
0.038796
0.038152
0.038152
0.038474
0.038152
0.037185
0.037830
0.038152
0.038796
0.038796
0.038474
0.038796
0.038474
0.037830
0.037830
0.038474
0.038474
0.037830
0.037830
0.038152
0.038474
0.038152
0.039119
0.038796
0.038796
0.038796
0.038796
0.038796
0.037507
0.036863
0.038152
0.039119
0.038796
0.039119
0.038796
0.039119
0.038796
0.038796
0.038796
0.038796
0.038152
0.038152
0.038796
0.038474
0.039119
0.039119
0.038474
0.039441
0.038796
0.038796
0.038474
0.038474
0.038474
0.038474
0.038474
0.038474
0.038796
0.038796
0.038152
0.038474
0.038152
0.038796
0.038474
0.037507
0.037830
0.038796
0.038474
0.038474
0.039441
0.038796
0.039441
0.038796
0.038796
0.039441
0.038152
0.037507
0.038474
0.038796
0.038474
0.039119
0.038796
0.039119
0.038796
0.038474
0.038796
0.038796
0.037507
0.038796
0.039119
0.038796
0.038796
0.039441
0.039441
0.038796
0.039119
0.039119
0.038796
0.037830
0.038152
0.038474
0.038152
0.038796
0.038796
0.038474
0.039119
0.038796
0.038474
0.038474
0.038474
0.037830
0.037507
0.038474
0.038796
0.039119
0.038796
0.038796
0.039119
0.038152
0.038796
0.038474
0.038152
0.038152
0.038474
0.038796
0.038796
0.039119
0.039441
0.039119
0.038796
0.038796
0.039441
0.038152
0.037830
0.038796
0.038474
0.038474
0.038796
0.039441
0.039763
0.038796
0.039119
0.038474
0.038474
0.038152
0.037830
0.038474
0.038474
0.039441
0.039119
0.039119
0.039119
0.039119
0.039441
0.039119
0.038796
0.038474
0.038474
0.038474
0.038796
0.038474
0.039119
0.039763
0.038796
0.038796
0.038796
0.038796
0.038474
0.038474
0.038152
0.038474
0.039119
0.039119
0.039119
0.039763
0.038474
0.038152
0.038796
0.038796
0.038474
0.038152
0.038474
0.038796
0.039119
0.039441
0.039441
0.039119
0.039119
0.039441
0.039441
0.039119
0.038474
0.038152
0.039441
0.039119
0.038796
0.039119
0.039119
0.038474
0.038796
0.038474
0.038796
0.038474
0.037830
0.038474
0.038474
0.038474
0.039119
0.038796
0.039119
0.039119
0.038152
0.038152
0.038474
0.038152
0.037830
0.038474
0.038474
0.039119
0.038796
0.039441
0.038474
0.038796
0.038474
0.038796
0.037830
0.038152
0.038152
0.038474
0.038474
0.038474
0.039119
0.039119
0.038474
0.038152
0.038796
0.038796
0.038152
0.038152
0.038796
0.038796
0.039119
0.038796
0.039441
0.038796
0.038796
0.038796
0.039119
0.038152
0.038152
0.038152
0.038474
0.038796
0.039441
0.039119
0.039119
0.038796
0.038796
0.039441
0.038474
0.038152
0.038152
0.038474
0.039119
0.038152
0.039119
0.039119
0.039441
0.039119
0.039119
0.038796
0.039119
0.037830
0.038152
0.038796
0.039119
0.038796
0.039763
0.039441
0.038796
0.038474
0.039119
0.039441
0.038152
0.038152
0.037830
0.039441
0.038796
0.039441
0.039441
0.039119
0.039119
0.038796
0.039119
0.038796
0.038152
0.038152
0.038474
0.039119
0.039763
0.039441
0.039119
0.039119
0.039119
0.038796
0.039441
0.038474
0.038474
0.038474
0.038796
0.039119
0.038796
0.038796
0.039119
0.039119
0.038152
0.038796
0.038796
0.038152
0.037830
0.038474
0.038474
0.039119
0.039119
0.038796
0.039119
0.038474
0.038796
0.037830
0.038796
0.038474
0.038152
0.038796
0.038796
0.039119
0.039119
0.038796
0.039441
0.038796
0.039119
0.038474
0.038474
0.037830
0.038796
0.039119
0.038796
0.039119
0.039441
0.038796
0.038796
0.038796
0.039441
0.038796
0.037830
0.038796
0.038796
0.039119
0.039119
0.039441
0.039763
0.039119
0.038796
0.038474
0.039441
0.038474
0.038152
0.037830
0.039119
0.039119
0.039119
0.039763
0.038474
0.038796
0.038796
0.039119
0.038474
0.038474
0.038796
0.038474
0.039119
0.038796
0.039119
0.039119
0.039119
0.039119
0.038796
0.039119
0.038152
0.038152
0.038796
0.039119
0.039441
0.038796
0.039119
0.038796
0.038796
0.038474
0.038796
0.038152
0.038474
0.038152
0.038152
0.038796
0.038796
0.038474
0.038474
0.038796
0.038796
0.038474
0.038474
0.038474
0.038152
0.038474
0.038796
0.038796
0.038796
0.039763
0.038796
0.039441
0.038796
0.038796
0.038796
0.037830
0.038152
0.038474
0.038474
0.038796
0.039119
0.038474
0.038796
0.038796
0.038796
0.038474
0.038152
0.038474
0.037830
0.038796
0.039119
0.039119
0.039119
0.038796
0.039119
0.039119
0.038474
0.038796
0.038474
0.038152
0.038474
0.038796
0.039119
0.039119
0.039119
0.039119
0.038474
0.038796
0.039119
0.038796
0.037830
0.038796
0.038796
0.039119
0.039119
0.039119
0.038796
0.039119
0.039119
0.038796
0.039119
0.038152
0.037830
0.038796
0.039119
0.038796
0.039119
0.039441
0.038474
0.039119
0.039119
0.038796
0.038474
0.037830
0.037830
0.038474
0.038796
0.038474
0.039441
0.039441
0.039119
0.038796
0.038796
0.039119
0.038152
0.038152
0.038474
0.038474
0.038796
0.039441
0.038474
0.039119
0.038796
0.038474
0.038796
0.038474
0.037507
0.038474
0.038152
0.038796
0.039119
0.039119
0.039119
0.039119
0.038474
0.038474
0.038152
0.038152
0.037507
0.038152
0.038796
0.038474
0.039119
0.039119
0.039441
0.039119
0.038796
0.038796
0.038474
0.037830
0.038152
0.038474
0.038796
0.039119
0.038796
0.038796
0.039119
0.038796
0.038796
0.038474
0.038474
0.038474
0.038796
0.038796
0.038474
0.038796
0.039119
0.038796
0.039119
0.038152
0.038474
0.038474
0.037830
0.037830
0.038474
0.038152
0.038152
0.038796
0.038796
0.038474
0.038796
0.038474
0.038474
0.037830
0.037830
0.038152
0.037830
0.038796
0.038796
0.038474
0.038796
0.038152
0.038474
0.038474
0.037830
0.037830
0.037830
0.037830
0.038474
0.038474
0.039119
0.039119
0.038474
0.038474
0.038796
0.038152
0.038152
0.038152
0.037830
0.038474
0.038152
0.038474
0.039763
0.038796
0.038796
0.038474
0.038474
0.039119
0.038474
0.037830
0.038474
0.038796
0.039441
0.039119
0.038796
0.038796
0.038474
0.038796
0.039119
0.038152
0.038152
0.038152
0.038796
0.038796
0.038796
0.038796
0.039119
0.038474
0.038474
0.038796
