-0.000198
0.000124
0.004958
0.007858
0.012692
0.016237
0.021072
0.024294
0.029451
0.031706
0.036863
0.040408
0.044920
0.047820
0.052976
0.056199
0.061033
0.063933
0.069090
0.072312
0.077469
0.079402
0.084881
0.088748
0.093582
0.096161
0.100995
0.104217
0.109374
0.112274
0.116464
0.121298
0.123231
0.129032
0.131610
0.136122
0.139989
0.144823
0.146757
0.152558
0.157070
0.159970
0.163193
0.168349
0.172216
0.177050
0.179306
0.185107
0.188330
0.192519
0.195098
0.200576
0.204121
0.208955
0.211856
0.216690
0.220879
0.224746
0.227325
0.232803
0.236026
0.240860
0.243760
0.248917
0.252139
0.257296
0.259229
0.265030
0.268575
0.271476
0.275665
0.280821
0.284366
0.289200
0.291779
0.296290
0.300480
0.305314
0.307570
0.313693
0.316271
0.321428
0.324006
0.328517
0.332062
0.336897
0.339475
0.345276
0.348498
0.352688
0.355266
0.360422
0.363967
0.369446
0.371702
0.376536
0.380725
0.384270
0.387493
0.392972
0.396517
0.401351
0.403607
0.408763
0.412630
0.417142
0.418753
0.425199
0.428421
0.432933
0.435834
0.440345
0.444535
0.449369
0.451625
0.456781
0.460648
0.464516
0.468061
0.472895
0.476762
0.481274
0.483852
0.488364
0.492875
0.497065
0.499643
0.505122
0.508344
0.511889
0.517046
0.519302
0.525103
0.528325
0.532515
0.536060
0.541538
0.544116
0.548628
0.551529
0.556685
0.560875
0.564420
0.567320
0.573765
0.576021
0.580855
0.583434
0.588912
0.592457
0.596647
0.599225
0.605348
0.607926
0.613082
0.615661
0.620817
0.624684
0.629196
0.631452
0.636608
0.640475
0.644987
0.647888
0.653366
0.655622
0.661101
0.664001
0.668835
0.673025
0.676892
0.679470
0.685593
0.688816
0.692683
0.695906
0.701062
0.703963
0.709119
0.710408
0.716854
0.720399
0.724266
0.728133
0.733289
0.735868
0.741346
0.743602
0.749081
0.752626
0.756815
0.759716
0.765516
0.768417
0.773573
0.775185
0.780985
0.784530
0.789042
0.791620
0.797421
0.799999
0.804511
0.808056
0.813535
0.816113
0.821592
0.824492
0.829004
0.831904
0.837061
0.840283
0.845762
0.848340
0.853174
0.856075
0.860909
0.864776
0.868965
0.871544
0.877989
0.880567
0.885401
0.887657
0.893136
0.896358
0.900870
0.904737
0.907960
0.912794
0.915695
0.921496
0.924074
0.928908
0.932130
0.936642
0.939543
0.945666
0.948244
0.953078
0.955334
0.961135
0.964680
0.968547
0.971447
0.976604
0.980471
0.985305
0.988206
0.992717
0.996585
0.058777
0.006247
0.007858
0.013015
0.015593
0.021394
0.024616
0.029128
0.031706
0.037185
0.039763
0.045886
0.047175
0.053299
0.057166
0.061033
0.063611
0.069090
0.072957
0.076824
0.080047
0.084881
0.088104
0.093582
0.095194
0.101639
0.104862
0.109374
0.111629
0.116786
0.120653
0.124198
0.127421
0.131610
0.137411
0.139989
0.144501
0.148046
0.151913
0.156425
0.160615
0.163193
0.168994
0.172216
0.176728
0.179629
0.184463
0.188008
0.193486
0.194775
0.201221
0.204443
0.208311
0.211211
0.216690
0.220557
0.224424
0.227647
0.232803
0.236993
0.240860
0.243116
0.249239
0.251495
0.256651
0.259874
0.265030
0.268253
0.273409
0.275665
0.280821
0.284366
0.288556
0.291779
0.296613
0.299191
0.304992
0.307570
0.312726
0.316916
0.320461
0.323361
0.328840
0.331740
0.337219
0.339152
0.344953
0.348821
0.353332
0.355910
0.361389
0.364290
0.369446
0.372346
0.376858
0.379758
0.385559
0.387493
0.393294
0.396839
0.400384
0.403607
0.409085
0.412308
0.417786
0.419398
0.424876
0.428421
0.433255
0.435834
0.441312
0.444213
0.449369
0.451947
0.456781
0.460326
0.465160
0.467416
0.473539
0.476117
0.480951
0.484174
0.489008
0.492231
0.497710
0.499965
0.504799
0.508344
0.511567
0.517368
0.519302
0.524458
0.528325
0.533159
0.535415
0.540894
0.544439
0.548306
0.552173
0.556685
0.559908
0.564742
0.566998
0.573443
0.576021
0.581178
0.583756
0.589234
0.592135
0.597291
0.599869
0.604703
0.608893
0.612438
0.615338
0.621139
0.624684
0.628874
0.631452
0.636286
0.640475
0.644987
0.647565
0.653366
0.656589
0.660778
0.664001
0.669480
0.672380
0.677214
0.679792
0.684949
0.688816
0.693328
0.695261
0.701062
0.704285
0.709441
0.712020
0.716531
0.720399
0.724588
0.728133
0.733289
0.736190
0.740379
0.744569
0.749725
0.752948
0.757460
0.759716
0.764872
0.769384
0.773251
0.775507
0.780985
0.784530
0.789364
0.791943
0.796777
0.800322
0.805156
0.807412
0.812890
0.816435
0.820625
0.824170
0.829004
0.832549
0.837061
0.839316
0.845440
0.848662
0.853496
0.856075
0.861231
0.864131
0.869610
0.871866
0.877344
0.881212
0.885401
0.887979
0.893136
0.895714
0.900870
0.905060
0.906671
0.913439
0.916339
0.920851
0.923751
0.928585
0.932453
0.936642
0.939543
0.945021
0.948244
0.952756
0.956301
0.961135
0.964358
0.968547
0.971125
0.976604
0.980793
0.985627
0.987561
0.992717
