0.090682
0.091004
0.090360
0.090360
0.090037
0.089393
0.089715
0.089715
0.090037
0.089393
0.089393
0.089071
0.088104
0.088748
0.087781
0.087459
0.087137
0.086170
0.086170
0.086492
0.086492
0.087137
0.086492
0.086492
0.086170
0.086815
0.086815
0.086815
0.086492
0.086492
0.088104
0.088426
0.089071
0.089393
0.089071
0.090037
0.090682
0.091326
0.092293
0.092293
0.092293
0.093905
0.095194
0.095838
0.097450
0.098416
0.098416
0.100028
0.100995
0.101961
0.102284
0.102284
0.103895
0.105829
0.106473
0.108407
0.109374
0.110018
0.110985
0.112596
0.112596
0.113885
0.114208
0.115174
0.116464
0.118075
0.119686
0.120653
0.121298
0.121942
0.123231
0.124520
0.125165
0.125487
0.125809
0.127421
0.128388
0.129354
0.130966
0.132255
0.132899
0.133866
0.134511
0.135155
0.136767
0.136444
0.137411
0.138700
0.139667
0.140956
0.141278
0.141923
0.142890
0.143857
0.144179
0.145790
0.145146
0.145468
0.146435
0.146757
0.148368
0.149335
0.149657
0.150946
0.151269
0.151591
0.151913
0.152558
0.151591
0.152880
0.153525
0.154169
0.154814
0.155781
0.156103
0.156747
0.156425
0.157070
0.158036
0.157714
0.157392
0.158036
0.158036
0.159325
0.159325
0.159970
0.160615
0.160292
0.160615
0.161259
0.161581
0.160937
0.160937
0.161259
0.162226
0.163193
0.162870
0.163515
0.163515
0.163193
0.162870
0.163193
0.163193
0.162870
0.162548
0.162870
0.163515
0.162870
0.162548
0.163193
0.161904
0.162226
0.161581
0.161259
0.160615
0.158359
0.159003
0.159003
0.159003
0.158036
0.157714
0.156425
0.155136
0.154169
0.153525
0.152880
0.150946
0.149980
0.149335
0.148368
0.146757
0.147079
0.145468
0.143534
0.143212
0.141601
0.140312
0.139667
0.137411
0.136444
0.135800
0.134511
0.133544
0.132899
0.131288
0.129677
0.128710
0.127421
0.126454
0.124520
0.122909
0.122264
0.121298
0.120653
0.119686
0.118397
0.117753
0.116464
0.115174
0.114530
0.112919
0.110663
0.110340
0.109374
0.108729
0.108407
0.106795
0.105829
0.105184
0.103573
0.103573
0.102284
0.100028
0.099061
0.098739
0.098094
0.097772
0.096805
0.095838
0.095194
0.094871
0.093260
0.093260
0.091649
0.091326
0.090360
0.090037
0.089715
0.089393
0.088426
0.088104
0.086815
0.085848
0.086170
0.085848
0.084559
0.083592
0.082947
0.083592
0.083592
0.082947
0.082625
0.081658
0.081014
0.080692
0.080369
0.079725
0.079402
0.078758
0.078436
0.078436
0.078113
0.078113
0.077147
0.076824
0.076502
0.076824
0.076180
0.075213
0.074568
0.073602
0.075213
0.074891
0.074891
0.074891
0.074246
0.073924
0.073602
0.073602
0.073602
0.073279
0.073279
0.073279
0.074568
0.074568
0.074891
0.075535
0.074891
0.075213
0.077147
0.076502
0.076502
0.077469
0.078436
0.079402
0.080047
0.081336
0.082303
0.082303
0.083270
0.084559
0.085203
0.086492
0.086815
0.087459
0.089715
0.090360
0.091326
0.093260
0.093905
0.095194
0.096483
0.097127
0.098416
0.099705
0.099383
0.101961
0.103573
0.104540
0.105829
0.107118
0.108729
0.109696
0.110663
0.111629
0.112919
0.113241
0.114530
0.116464
0.117753
0.119042
0.120009
0.120975
0.122264
0.122909
0.124198
0.125487
0.126132
0.126132
0.128065
0.128710
0.130321
0.131610
0.132255
0.133544
0.133866
0.134833
0.135800
0.136767
0.137089
0.137733
0.139022
0.139989
0.140956
0.141923
0.142567
0.142890
0.143857
0.144501
0.145468
0.145146
0.145790
0.146435
0.147401
0.149013
0.149013
0.149980
0.150302
0.150624
0.151591
0.152236
0.152558
0.152880
0.152558
0.153525
0.154491
0.155136
0.155781
0.156103
0.156103
0.157070
0.156747
0.157714
0.157714
0.157070
0.157714
0.158359
0.159325
0.159970
0.160292
0.160937
0.160937
0.161259
0.161581
0.161259
0.160937
0.160615
0.161581
0.162226
0.162870
0.162870
0.163515
0.163193
0.163193
0.163193
0.163193
0.162870
0.162226
0.161904
0.162548
0.162548
0.161581
0.161581
0.161581
0.159970
0.160292
0.159325
0.158681
0.157714
0.157070
0.156747
0.155781
0.155458
0.154491
0.154169
0.153202
0.151591
0.150624
0.149980
0.149335
0.146757
0.145468
0.145468
0.145146
0.143534
0.142567
0.140634
0.139989
0.138378
0.137089
0.136767
0.134833
0.132899
0.131933
0.131288
0.130321
0.129677
0.127743
0.126132
0.125165
0.124198
0.122909
0.121620
0.120009
0.118719
0.118075
0.116141
0.115819
0.115497
0.113885
0.113241
0.111629
0.110985
0.110018
0.108729
0.106795
0.106473
0.105829
0.105184
0.104217
0.102284
0.102284
0.101317
0.100672
0.099383
0.098416
0.096805
0.096483
0.095838
0.095838
0.094549
0.093905
0.093260
0.092938
0.091326
0.090360
0.090360
0.088748
0.088104
0.087781
0.087781
0.086815
0.086815
0.086492
0.085526
0.084881
0.084236
0.084236
0.083592
0.081658
0.081981
0.081981
0.081336
0.081981
0.081014
0.081014
0.080369
0.079402
0.079725
0.078758
