0.089393
0.089393
0.090037
0.087781
0.085848
0.083914
0.079402
0.074568
0.070057
0.063289
0.057488
0.050076
0.042664
0.035251
0.026550
0.018171
0.011403
0.003347
-0.005032
-0.012767
-0.020824
-0.029203
-0.037582
-0.045316
-0.053373
-0.060785
-0.070131
-0.077221
-0.083989
-0.090756
-0.097846
-0.104614
-0.111382
-0.118149
-0.124595
-0.131040
-0.136519
-0.143286
-0.149732
-0.154566
-0.160044
-0.164556
-0.169068
-0.174869
-0.179058
-0.184215
-0.188726
-0.193238
-0.197428
-0.202262
-0.205162
-0.208707
-0.212252
-0.215475
-0.219020
-0.222243
-0.225465
-0.228366
-0.231588
-0.234489
-0.237712
-0.239967
-0.242223
-0.244479
-0.246413
-0.248346
-0.250602
-0.252858
-0.255759
-0.257048
-0.258981
-0.261237
-0.263815
-0.265104
-0.266071
-0.267360
-0.268972
-0.270261
-0.271872
-0.273161
-0.274773
-0.276384
-0.276706
-0.278962
-0.279929
-0.281218
-0.281218
-0.282507
-0.283474
-0.283474
-0.284763
-0.285407
-0.286697
-0.287019
-0.288308
-0.289597
-0.290564
-0.290242
-0.290242
-0.291531
-0.291531
-0.292497
-0.293464
-0.293142
-0.294109
-0.294431
-0.295720
-0.296365
-0.296365
-0.295720
-0.296687
-0.296365
-0.296687
-0.297976
-0.297976
-0.297976
-0.298621
-0.299587
-0.300554
-0.300554
-0.300232
-0.299910
-0.299910
-0.300554
-0.300876
-0.301521
-0.301521
-0.301521
-0.301521
-0.302488
-0.303455
-0.302810
-0.302810
-0.302488
-0.303132
-0.302166
-0.303132
-0.303132
-0.303455
-0.303455
-0.303132
-0.304744
-0.304421
-0.304744
-0.304744
-0.304421
-0.304099
-0.305066
-0.304421
-0.304421
-0.304421
-0.304421
-0.304744
-0.306677
-0.305066
-0.305066
-0.305711
-0.304744
-0.305388
-0.305711
-0.305711
-0.305711
-0.305711
-0.305711
-0.306677
-0.306677
-0.306355
-0.306033
-0.306033
-0.305711
-0.305711
-0.305711
-0.305711
-0.306033
-0.306355
-0.307000
-0.307000
-0.306355
-0.306033
-0.305711
-0.306033
-0.306033
-0.306355
-0.306033
-0.306677
-0.306355
-0.306355
-0.307322
-0.307000
-0.307322
-0.306677
-0.306033
-0.306033
-0.306355
-0.306355
-0.306677
-0.305711
-0.306355
-0.306677
-0.307000
-0.306677
-0.306677
-0.306033
-0.306033
-0.306033
-0.306677
-0.306033
-0.306033
-0.306355
-0.306355
-0.307000
-0.306355
-0.306677
-0.306033
-0.306033
-0.306355
-0.305388
-0.305711
-0.306355
-0.306355
-0.306355
-0.306355
-0.306355
-0.307000
-0.306355
-0.305711
-0.306033
-0.306355
-0.305711
-0.306355
-0.305711
-0.305711
-0.306355
-0.306355
-0.306355
-0.305711
-0.305711
-0.306355
-0.305711
-0.305711
-0.306033
-0.305388
-0.306033
-0.306033
-0.305711
-0.306677
-0.306355
-0.306033
-0.305711
-0.306355
-0.305388
-0.305388
-0.306677
-0.306355
-0.304421
-0.303132
-0.300232
-0.297331
-0.291531
-0.286052
-0.279929
-0.272839
-0.266394
-0.259304
-0.251569
-0.243835
-0.235778
-0.227721
-0.220953
-0.211930
-0.203873
-0.195494
-0.187115
-0.178414
-0.171002
-0.163267
-0.155855
-0.147476
-0.140386
-0.133618
-0.126528
-0.118472
-0.111704
-0.105258
-0.097202
-0.091723
-0.085922
-0.079477
-0.074643
-0.067875
-0.062719
-0.058207
-0.053051
-0.047250
-0.042416
-0.037259
-0.032103
-0.027914
-0.023402
-0.019212
-0.015667
-0.012122
-0.008900
-0.005677
-0.000843
0.001735
0.006247
0.008825
0.011403
0.014304
0.017204
0.020105
0.023005
0.024616
0.027195
0.029773
0.032029
0.034285
0.036863
0.039119
0.040408
0.042019
0.043630
0.046531
0.047498
0.047175
0.050076
0.051687
0.052976
0.055232
0.056199
0.057810
0.059099
0.059422
0.061033
0.061678
0.062644
0.063611
0.064578
0.066189
0.067156
0.068123
0.069090
0.070057
0.070057
0.070701
0.072312
0.071990
0.071346
0.072635
0.073602
0.074891
0.075535
0.076502
0.076502
0.076824
0.077469
0.079080
0.078758
0.078758
0.078758
0.079080
0.079725
0.081014
0.080369
0.081981
0.081981
0.081981
0.082625
0.082303
0.082625
0.082625
0.082947
0.083270
0.084236
0.084236
0.084559
0.085526
0.084881
0.085203
0.085526
0.085203
0.085526
0.084881
0.084881
0.085526
0.086815
0.086170
0.087459
0.086815
0.086492
0.087137
0.086815
0.086815
0.087137
0.086170
0.086815
0.087459
0.087137
0.087781
0.087459
0.088104
0.087781
0.087459
0.087459
0.088104
0.087459
0.087137
0.088104
0.088104
0.087781
0.088426
0.088426
0.088748
0.088748
0.088426
0.088748
0.087459
0.087137
0.088426
0.088426
0.088426
0.088748
0.088748
0.088748
0.089071
0.088426
0.088748
0.089071
0.088104
0.088426
0.089071
0.088104
0.088426
0.088748
0.088748
0.089071
0.088748
0.088426
0.089393
0.087781
0.088104
0.088104
0.088748
0.088748
0.089715
0.088748
0.088748
0.089071
0.088426
0.089715
0.088748
0.088104
0.088426
0.088426
0.088748
0.089071
0.089071
0.089071
0.089393
0.088748
0.089393
0.089071
0.088426
0.088426
0.088104
0.088748
0.089071
0.089715
0.089715
0.090037
0.089393
0.089393
0.089071
0.088748
0.088426
0.089393
0.088748
0.089071
0.089715
0.090037
0.090360
0.089393
0.089071
0.089715
0.089393
0.089393
0.089071
0.088748
0.089715
0.090037
0.089715
0.090037
0.089393
0.089393
0.089393
0.088748
0.089393
0.088748
0.088748
