0.068445
0.068445
0.069090
0.067801
0.066834
0.063933
0.060066
0.055232
0.049754
0.044275
0.037830
0.031062
0.023972
0.016882
0.010114
0.002380
-0.004710
-0.012767
-0.019857
-0.028236
-0.036615
-0.044027
-0.051439
-0.059818
-0.067231
-0.073998
-0.081733
-0.088823
-0.095268
-0.102036
-0.108481
-0.115249
-0.121694
-0.128462
-0.134585
-0.140708
-0.146509
-0.151988
-0.156177
-0.161656
-0.167134
-0.171646
-0.177125
-0.181959
-0.186471
-0.190660
-0.195816
-0.199361
-0.203551
-0.206451
-0.209674
-0.213864
-0.216764
-0.220309
-0.223854
-0.225788
-0.229977
-0.232877
-0.235778
-0.238678
-0.240612
-0.242546
-0.245124
-0.247380
-0.249636
-0.251569
-0.254470
-0.255759
-0.258659
-0.260593
-0.262204
-0.263493
-0.264782
-0.266394
-0.268005
-0.269294
-0.270905
-0.271872
-0.273161
-0.274128
-0.275739
-0.277673
-0.278962
-0.279929
-0.280251
-0.281218
-0.281540
-0.282507
-0.284118
-0.284763
-0.284763
-0.286052
-0.287663
-0.288952
-0.289275
-0.288630
-0.289919
-0.290242
-0.290242
-0.291853
-0.292175
-0.292497
-0.293464
-0.293787
-0.294753
-0.296042
-0.295076
-0.295720
-0.296042
-0.296042
-0.297009
-0.297009
-0.297009
-0.298298
-0.297976
-0.298621
-0.299265
-0.299587
-0.298943
-0.299587
-0.299265
-0.300232
-0.300876
-0.300232
-0.300876
-0.301521
-0.300876
-0.302810
-0.301843
-0.301199
-0.298943
-0.295398
-0.292175
-0.287663
-0.282185
-0.276384
-0.270261
-0.263171
-0.256725
-0.249313
-0.241256
-0.233522
-0.225143
-0.217086
-0.209029
-0.200650
-0.192594
-0.185181
-0.176802
-0.168746
-0.161978
-0.153921
-0.146509
-0.138452
-0.131040
-0.123628
-0.116538
-0.110092
-0.103647
-0.097202
-0.090434
-0.084955
-0.079155
-0.073354
-0.067231
-0.061430
-0.055951
-0.050795
-0.045316
-0.040804
-0.036293
-0.031459
-0.027591
-0.024369
-0.019857
-0.015667
-0.011156
-0.007288
-0.004066
-0.000198
0.002702
0.005603
0.009792
0.012692
0.014948
0.017527
0.019460
0.023650
0.025906
0.028484
0.031062
0.033318
0.034285
0.037185
0.039441
0.041375
0.042341
0.044275
0.045564
0.048142
0.049431
0.051365
0.052976
0.053943
0.055232
0.057166
0.057488
0.059422
0.059422
0.061355
0.062967
0.063611
0.064256
0.066189
0.066834
0.067478
0.068768
0.069090
0.070057
0.070057
0.070379
0.071990
0.072635
0.073924
0.074891
0.075213
0.074891
0.075857
0.076180
0.077147
0.077469
0.076824
0.077791
0.078758
0.079725
0.079402
0.080692
0.081014
0.080692
0.081981
0.081336
0.082625
0.081658
0.081658
0.082625
0.083270
0.083270
0.084236
0.083914
0.083914
0.084236
0.084559
0.084236
0.084881
0.083592
0.081981
0.079080
0.075213
0.071023
0.065545
0.059422
0.054265
0.046853
0.039763
0.032029
0.023972
0.015593
0.008503
0.000446
-0.007611
-0.015023
-0.023080
-0.031459
-0.039838
-0.047250
-0.054984
-0.062719
-0.071742
-0.078510
-0.085278
-0.091401
-0.099135
-0.106225
-0.112348
-0.119116
-0.125561
-0.131362
-0.137808
-0.143609
-0.149732
-0.155210
-0.160044
-0.165201
-0.170357
-0.175191
-0.179381
-0.184859
-0.189049
-0.193238
-0.197750
-0.202262
-0.205807
-0.209352
-0.212252
-0.216119
-0.219664
-0.222243
-0.225143
-0.228688
-0.230622
-0.234167
-0.236745
-0.239967
-0.242223
-0.244157
-0.246091
-0.248991
-0.250602
-0.252536
-0.255114
-0.257370
-0.258981
-0.260593
-0.262849
-0.264782
-0.266071
-0.267038
-0.268972
-0.269616
-0.271228
-0.273161
-0.273483
-0.275739
-0.276706
-0.277995
-0.279607
-0.280896
-0.281218
-0.281863
-0.283152
-0.283474
-0.284763
-0.285085
-0.286374
-0.287019
-0.288308
-0.288952
-0.290242
-0.290564
-0.290886
-0.291208
-0.291531
-0.291853
-0.293142
-0.293787
-0.294109
-0.295076
-0.295076
-0.296042
-0.296365
-0.296365
-0.296687
-0.296687
-0.297009
-0.297331
-0.297654
-0.297976
-0.298621
-0.298621
-0.299910
-0.300554
-0.299910
-0.300554
-0.300232
-0.299910
-0.300554
-0.300876
-0.300232
-0.301199
-0.300554
-0.298621
-0.297009
-0.292175
-0.287986
-0.282507
-0.276062
-0.269616
-0.262849
-0.255759
-0.248346
-0.240612
-0.232877
-0.225143
-0.218053
-0.208707
-0.200650
-0.192271
-0.184215
-0.176480
-0.168101
-0.161011
-0.153277
-0.145542
-0.138130
-0.132007
-0.124595
-0.117182
-0.110415
-0.103647
-0.096879
-0.090434
-0.084311
-0.078510
-0.072387
-0.067231
-0.061752
-0.057562
-0.052084
-0.046605
-0.041127
-0.036293
-0.031781
-0.027269
-0.023080
-0.018568
-0.015023
-0.011156
-0.007933
-0.004066
-0.000843
0.002702
0.006247
0.009792
0.013015
0.016237
0.017849
0.020749
0.023650
0.025583
0.027839
0.029773
0.032351
0.034607
0.036863
0.039441
0.040730
0.042341
0.044920
0.046209
0.048142
0.049109
0.050076
0.051365
0.054265
0.055554
0.057488
0.058133
0.058777
0.060388
0.062000
0.062322
0.063611
0.063611
0.064900
0.066834
0.067478
0.068445
0.070379
0.070057
0.070701
0.071023
0.071990
0.072957
0.072635
0.072635
0.074246
0.075213
0.075535
0.077147
0.077469
0.077791
0.078113
0.078113
0.078758
0.079080
0.077791
0.078758
0.080692
0.080692
0.080692
0.081336
0.081981
0.081658
0.082303
0.081981
0.083592
0.081981
0.081981
0.083270
0.083592
