0.091004
0.090682
0.091004
0.090360
0.090037
0.089393
0.090037
0.090037
0.090360
0.090037
0.090037
0.089393
0.088748
0.088426
0.088748
0.087459
0.087137
0.087459
0.087459
0.087781
0.087459
0.087459
0.087137
0.086815
0.087137
0.087137
0.088104
0.086815
0.087781
0.087781
0.088748
0.089393
0.089715
0.090360
0.090682
0.090682
0.091971
0.092616
0.092616
0.092616
0.094227
0.095194
0.096483
0.097127
0.098416
0.099383
0.099705
0.100672
0.101317
0.102928
0.102928
0.104217
0.105184
0.106473
0.107762
0.108729
0.110340
0.110985
0.111629
0.112596
0.114208
0.114852
0.115497
0.116786
0.118397
0.120009
0.119364
0.121620
0.122587
0.123876
0.124520
0.125487
0.126454
0.127098
0.128065
0.129354
0.130321
0.131610
0.132577
0.133544
0.133866
0.134833
0.135800
0.136444
0.137089
0.137411
0.138056
0.139667
0.139989
0.141278
0.142890
0.142890
0.144179
0.143857
0.145146
0.145468
0.145790
0.145468
0.147079
0.148368
0.148368
0.149657
0.149980
0.150302
0.150946
0.151591
0.152558
0.152236
0.152236
0.152880
0.153847
0.154491
0.154814
0.156103
0.156103
0.156747
0.156747
0.157070
0.158359
0.157070
0.157392
0.158681
0.159003
0.159003
0.160292
0.160292
0.160292
0.161259
0.161259
0.162548
0.161904
0.161259
0.162548
0.163193
0.163193
0.163193
0.163837
0.163837
0.164160
0.163837
0.164482
0.164804
0.164804
0.163837
0.164160
0.164804
0.165126
0.165771
0.165449
0.165449
0.166093
0.165771
0.165771
0.166093
0.165771
0.165771
0.166093
0.166415
0.166738
0.167060
0.166738
0.167382
0.166738
0.167705
0.168027
0.166738
0.166738
0.167705
0.168027
0.168671
0.168027
0.168027
0.168027
0.168349
0.168027
0.168027
0.168671
0.168027
0.168349
0.168349
0.168994
0.169316
0.169316
0.169316
0.169316
0.168994
0.169638
0.169316
0.168671
0.168994
0.169316
0.169638
0.169960
0.169960
0.170927
0.169960
0.169638
0.170283
0.169960
0.169960
0.169316
0.169316
0.169960
0.170605
0.169960
0.170605
0.170283
0.170283
0.170283
0.170283
0.170283
0.170283
0.169638
0.169638
0.170283
0.170283
0.170927
0.170605
0.170283
0.170283
0.170283
0.170927
0.170605
0.169638
0.169960
0.170605
0.171250
0.170605
0.171572
0.171894
0.170927
0.170605
0.170927
0.171250
0.171250
0.169960
0.170605
0.170605
0.170927
0.170927
0.171250
0.170605
0.171250
0.170927
0.170283
0.170927
0.169638
0.170283
0.170927
0.170605
0.170605
0.170605
0.170927
0.170927
0.170283
0.170605
0.171250
0.170283
0.169960
0.170605
0.170927
0.171250
0.171250
0.170283
0.171250
0.170927
0.169960
0.169638
0.170283
0.168349
0.168994
0.168671
0.169316
0.169316
0.168671
0.168027
0.167382
0.166415
0.166093
0.166093
0.164804
0.163515
0.163193
0.162548
0.161904
0.161581
0.160292
0.159003
0.157714
0.157070
0.155781
0.154814
0.153202
0.151269
0.151591
0.150946
0.149657
0.148691
0.147724
0.145790
0.144501
0.143534
0.141923
0.140312
0.138700
0.137733
0.136767
0.135477
0.134188
0.133222
0.131933
0.130321
0.129032
0.128065
0.126776
0.124520
0.123876
0.122587
0.121298
0.120331
0.119364
0.118719
0.117430
0.115819
0.114530
0.112919
0.111952
0.110663
0.109696
0.109374
0.108729
0.107440
0.106151
0.105506
0.104217
0.103573
0.102606
0.101317
0.100028
0.098416
0.097772
0.097772
0.097127
0.096483
0.095516
0.094549
0.094227
0.093260
0.091971
0.091004
0.090037
0.089715
0.090037
0.088748
0.088426
0.088104
0.087459
0.086815
0.086170
0.086170
0.085203
0.084236
0.083914
0.083270
0.082625
0.082303
0.082303
0.081981
0.080692
0.081014
0.080047
0.079725
0.078758
0.078113
0.077469
0.078436
0.077791
0.077791
0.077469
0.077147
0.076502
0.076180
0.075535
0.075535
0.074891
0.073924
0.074891
0.074568
0.074246
0.073924
0.073602
0.073279
0.073602
0.072635
0.072957
0.072635
0.071346
0.071990
0.071990
0.071668
0.072635
0.072312
0.071668
0.071023
0.071668
0.070701
0.070701
0.069412
0.069412
0.069734
0.070057
0.069734
0.070379
0.070701
0.069734
0.069734
0.069090
0.069734
0.069412
0.068768
0.068123
0.068768
0.068445
0.068768
0.069090
0.069090
0.068768
0.068123
0.068768
0.067801
0.067801
0.067156
0.067801
0.067156
0.068445
0.068445
0.068445
0.068445
0.067478
0.068123
0.068123
0.067801
0.067156
0.067156
0.066834
0.067156
0.068445
0.067801
0.067801
0.067156
0.066834
0.067801
0.067478
0.066834
0.066512
0.067156
0.066834
0.067156
0.067156
0.067478
0.067156
0.067156
0.067478
0.067156
0.066834
0.066834
0.066512
0.067478
0.067478
0.066512
0.067478
0.067156
0.066512
0.066834
0.067156
0.066834
0.066834
0.065545
0.065867
0.066512
0.066512
0.067156
0.067801
0.067156
0.067156
0.066834
0.066834
0.066834
0.065867
0.065867
0.066512
0.066834
0.067156
0.067801
0.066834
0.066834
0.067156
0.066834
0.066834
0.066834
