0.067156
0.067156
0.066834
0.066512
0.067156
0.066834
0.066189
0.066512
0.066834
0.066834
0.066834
0.067156
0.066834
0.066834
0.066834
0.066834
0.066834
0.065867
0.065867
0.066189
0.065867
0.066834
0.067156
0.066512
0.066512
0.066512
0.066834
0.066512
0.066189
0.065867
0.065545
0.066189
0.067156
0.066834
0.066512
0.066834
0.066512
0.066834
0.066512
0.066834
0.066189
0.065867
0.066189
0.066834
0.066189
0.067156
0.066834
0.066512
0.066189
0.066512
0.067156
0.065867
0.065867
0.065867
0.066189
0.065867
0.065867
0.066512
0.065867
0.065545
0.065545
0.065545
0.065545
0.064256
0.064578
0.064578
0.065545
0.064578
0.064900
0.064900
0.064256
0.064578
0.064578
0.063933
0.063611
0.062967
0.062322
0.063289
0.062644
0.062967
0.062967
0.062967
0.062644
0.062322
0.062000
0.062000
0.061355
0.061033
0.061033
0.060711
0.060711
0.061355
0.060388
0.060711
0.060388
0.059744
0.060066
0.059744
0.058455
0.058777
0.059099
0.059099
0.058777
0.058133
0.058133
0.058455
0.057810
0.057488
0.057810
0.056844
0.056199
0.055877
0.056521
0.056199
0.056199
0.056199
0.056199
0.055554
0.054910
0.054910
0.054588
0.053621
0.053943
0.053621
0.054265
0.054588
0.054265
0.053943
0.053299
0.052976
0.053621
0.052654
0.052009
0.052009
0.052009
0.051365
0.052009
0.051687
0.051687
0.052009
0.051365
0.051043
0.051043
0.050398
0.049431
0.050076
0.049754
0.050398
0.050076
0.050720
0.050076
0.049431
0.049431
0.049754
0.049431
0.048787
0.048142
0.049109
0.049109
0.049109
0.048787
0.048787
0.048464
0.048142
0.048142
0.048142
0.047820
0.047175
0.047820
0.046853
0.047820
0.047498
0.047175
0.047175
0.047175
0.046853
0.046853
0.046853
0.046531
0.046531
0.046209
0.047175
0.046531
0.046853
0.047175
0.046209
0.046209
0.046853
0.046531
0.046209
0.045886
0.045564
0.046209
0.046531
0.046531
0.046531
0.046209
0.045886
0.045564
0.046209
0.046209
0.045564
0.045242
0.045242
0.045564
0.046531
0.045886
0.045886
0.045886
0.045886
0.045886
0.045564
0.045564
0.044920
0.044597
0.045242
0.045886
0.045564
0.045564
0.045242
0.045242
0.045886
0.045564
0.045886
0.045242
0.044597
0.044920
0.045242
0.045242
0.046209
0.045242
0.044597
0.045242
0.044920
0.044920
0.045242
0.044597
0.044597
0.044920
0.044920
0.045242
0.045564
0.044597
0.045564
0.045564
0.044597
0.045242
0.043953
0.043953
0.044275
0.044597
0.044920
0.044597
0.044597
0.044920
0.044920
0.044920
0.044920
0.044275
0.043630
0.043953
0.044275
0.044597
0.045242
0.044920
0.044597
0.044597
0.044597
0.044597
0.044920
0.043630
0.043630
0.043308
0.044275
0.044597
0.044275
0.044597
0.045242
0.044597
0.044275
0.044275
0.044275
0.043953
0.044275
0.044275
0.045242
0.044920
0.045242
0.044920
0.044920
0.044275
0.044920
0.044920
0.044597
0.044597
0.044597
0.045242
0.045886
0.045564
0.045886
0.045886
0.045564
0.045886
0.046209
0.045886
0.045886
0.045564
0.046209
0.046853
0.046531
0.047175
0.047175
0.047175
0.047498
0.047820
0.047820
0.046853
0.047498
0.047498
0.047820
0.048787
0.049109
0.049431
0.049431
0.049754
0.050076
0.049754
0.050398
0.050076
0.049431
0.050720
0.051043
0.051365
0.052332
0.051687
0.052009
0.052976
0.052976
0.053299
0.052332
0.052654
0.053299
0.053943
0.054265
0.054910
0.055232
0.054910
0.055554
0.055877
0.055877
0.056521
0.055232
0.056521
0.057166
0.057488
0.058133
0.058455
0.057810
0.058133
0.058455
0.058133
0.059099
0.059099
0.058455
0.058455
0.060066
0.059744
0.060711
0.061355
0.061033
0.061355
0.061355
0.061355
0.061355
0.061033
0.061033
0.062322
0.061678
0.062967
0.063289
0.062967
0.063611
0.063289
0.063289
0.063611
0.063933
0.063289
0.063611
0.064256
0.064900
0.064578
0.065867
0.065867
0.065545
0.065545
0.065867
0.065545
0.065867
0.065223
0.065545
0.066189
0.066834
0.066189
0.066834
0.066834
0.066834
0.067478
0.067156
0.067478
0.066512
0.067156
0.067801
0.068123
0.068445
0.068445
0.068445
0.068445
0.068445
0.068768
0.068768
0.068123
0.068445
0.068123
0.069734
0.069090
0.069412
0.069734
0.070057
0.069412
0.070379
0.070057
0.069734
0.069412
0.069090
0.069734
0.070379
0.070379
0.070379
0.071023
0.070379
0.070379
0.070701
0.071023
0.070057
0.069412
0.070057
0.071023
0.070701
0.070701
0.071346
0.071346
0.071023
0.071668
0.071668
0.071990
0.070379
0.070379
0.071346
0.071346
0.071023
0.071346
0.071990
0.071346
0.071668
0.071023
0.071346
0.070701
0.070379
0.071023
0.071990
0.071990
0.071668
0.071668
0.071346
0.071668
0.071346
0.071023
0.071990
0.070701
0.071023
0.071346
0.071346
0.071668
0.072635
0.071346
0.071990
0.071990
0.071346
0.072312
0.071990
0.070701
0.071346
0.071668
0.071668
0.071990
0.071990
0.071668
0.071668
0.071668
0.071668
