0.065867
0.066834
0.067156
0.066189
0.065223
0.064900
0.062644
0.061033
0.058133
0.056199
0.052976
0.049754
0.046853
0.043953
0.039119
0.036540
0.033640
0.030417
0.027195
0.023650
0.019782
0.016560
0.012692
0.010114
0.006247
0.002380
-0.000843
-0.003421
-0.006966
-0.009222
-0.012445
-0.014700
-0.017923
-0.020179
-0.023402
-0.025658
-0.028236
-0.032103
-0.033714
-0.035970
-0.037259
-0.040160
-0.041449
-0.044349
-0.045961
-0.047894
-0.050150
-0.051762
-0.054340
-0.055629
-0.057240
-0.057885
-0.060463
-0.060785
-0.062719
-0.064330
-0.065619
-0.066586
-0.067553
-0.069164
-0.070776
-0.071420
-0.072387
-0.073354
-0.074320
-0.074643
-0.075610
-0.076576
-0.077865
-0.078510
-0.079477
-0.080766
-0.081733
-0.081733
-0.082700
-0.082700
-0.083344
-0.084311
-0.084311
-0.085278
-0.085600
-0.086567
-0.087211
-0.088500
-0.089145
-0.088823
-0.088823
-0.088823
-0.088823
-0.089467
-0.090112
-0.091079
-0.091079
-0.091079
-0.091401
-0.092690
-0.092690
-0.092368
-0.092368
-0.092690
-0.092368
-0.093012
-0.093657
-0.093979
-0.093979
-0.093979
-0.094301
-0.095590
-0.094946
-0.094624
-0.094946
-0.095268
-0.095268
-0.094946
-0.095913
-0.095268
-0.095268
-0.096557
-0.096879
-0.096557
-0.096557
-0.096235
-0.096557
-0.095913
-0.096879
-0.096557
-0.096879
-0.096879
-0.098491
-0.099780
-0.099135
-0.097202
-0.095913
-0.093657
-0.090756
-0.087211
-0.085278
-0.081410
-0.078832
-0.074965
-0.071420
-0.068842
-0.064652
-0.060141
-0.056273
-0.052084
-0.048217
-0.044027
-0.041127
-0.036937
-0.033392
-0.029847
-0.026947
-0.023080
-0.018890
-0.015345
-0.011800
-0.008577
-0.005032
-0.002132
0.000768
0.003991
0.006569
0.009148
0.011726
0.013982
0.016882
0.019782
0.022038
0.024616
0.027195
0.029451
0.030740
0.033318
0.034929
0.036540
0.038474
0.040730
0.042341
0.043953
0.045886
0.047498
0.048787
0.050076
0.051043
0.052976
0.053943
0.054588
0.055877
0.057810
0.059099
0.059744
0.061678
0.062644
0.063289
0.063611
0.064900
0.065867
0.066189
0.066834
0.067478
0.069412
0.069734
0.071023
0.071023
0.071668
0.072312
0.072312
0.072957
0.074246
0.073924
0.073924
0.075213
0.075535
0.076502
0.076502
0.077147
0.077791
0.077791
0.078436
0.078758
0.078436
0.077791
0.079725
0.079725
0.080047
0.080369
0.081336
0.081336
0.081014
0.081336
0.081658
0.081981
0.081981
0.082303
0.082303
0.082303
0.083270
0.083592
0.083914
0.083592
0.083914
0.084236
0.083914
0.083592
0.083914
0.084559
0.084559
0.084559
0.085203
0.085526
0.085203
0.085848
0.087137
0.086492
0.085848
0.083592
0.081658
0.079402
0.077147
0.074246
0.071346
0.068445
0.063933
0.060711
0.057488
0.053621
0.049431
0.044920
0.041697
0.037830
0.034285
0.030095
0.027195
0.023327
0.019138
0.015271
0.011726
0.008181
0.004313
0.001091
-0.001810
-0.005355
-0.008577
-0.011156
-0.013734
-0.017279
-0.020179
-0.022757
-0.025658
-0.027914
-0.031459
-0.033392
-0.035970
-0.037259
-0.039515
-0.041449
-0.043705
-0.046283
-0.048217
-0.049828
-0.051439
-0.054017
-0.055307
-0.057562
-0.058529
-0.059818
-0.061107
-0.062396
-0.063686
-0.065297
-0.066586
-0.067553
-0.068842
-0.070453
-0.071742
-0.072387
-0.073676
-0.074643
-0.075287
-0.075932
-0.077221
-0.077865
-0.078832
-0.080121
-0.079799
-0.081733
-0.081410
-0.082377
-0.082377
-0.083344
-0.083666
-0.084311
-0.085278
-0.085600
-0.085922
-0.086889
-0.087534
-0.088500
-0.088823
-0.088178
-0.088823
-0.089145
-0.089789
-0.089789
-0.090434
-0.090756
-0.091079
-0.091401
-0.092690
-0.092690
-0.092045
-0.092368
-0.092690
-0.092368
-0.093334
-0.093657
-0.093657
-0.094624
-0.094301
-0.094946
-0.095268
-0.095590
-0.094624
-0.094624
-0.094624
-0.095268
-0.095268
-0.095590
-0.095590
-0.095590
-0.095590
-0.096235
-0.096557
-0.096235
-0.096235
-0.096235
-0.095590
-0.097846
-0.098491
-0.097846
-0.096235
-0.095268
-0.093657
-0.091401
-0.088500
-0.084633
-0.081410
-0.077865
-0.074643
-0.071098
-0.066908
-0.063363
-0.059496
-0.056273
-0.052728
-0.048861
-0.044349
-0.040804
-0.036615
-0.032748
-0.028880
-0.025658
-0.021790
-0.018245
-0.015023
-0.011800
-0.009544
-0.005355
-0.002132
0.000768
0.003991
0.006892
0.008825
0.012692
0.015593
0.017527
0.019782
0.021716
0.023972
0.026550
0.029128
0.031384
0.033640
0.035896
0.037507
0.039119
0.041375
0.042664
0.043953
0.045242
0.047175
0.048787
0.050720
0.052009
0.053943
0.054588
0.055554
0.057166
0.058133
0.059099
0.060388
0.060388
0.062322
0.063933
0.064256
0.065867
0.065867
0.066834
0.067801
0.068768
0.069090
0.069734
0.069734
0.070379
0.071346
0.072635
0.073602
0.073602
0.074246
0.074568
0.074891
0.075213
0.075857
0.076180
0.076180
0.076824
0.077791
0.078113
0.078758
0.078758
0.079725
0.079402
0.079725
0.080047
0.079402
0.079402
0.079725
0.081014
0.081336
0.081336
0.081658
0.082303
0.082303
0.082625
0.081981
0.082625
0.082303
0.082625
0.083270
0.083270
0.083914
0.084236
0.084236
0.083914
0.083914
0.084236
0.084236
0.084236
0.084236
