0.089393
0.089715
0.091004
0.090037
0.091004
0.090360
0.090360
0.090037
0.090360
0.089071
0.089393
0.088426
0.087781
0.088426
0.088426
0.087781
0.088426
0.087459
0.087781
0.087459
0.087137
0.087459
0.087459
0.086170
0.087459
0.087781
0.086815
0.088104
0.088104
0.088748
0.088748
0.088748
0.089715
0.090037
0.089715
0.090360
0.090682
0.092293
0.092938
0.093582
0.093905
0.095516
0.096161
0.096805
0.097772
0.098094
0.097772
0.100028
0.101317
0.102284
0.103573
0.104217
0.106151
0.106795
0.106795
0.108407
0.109696
0.109696
0.110663
0.112274
0.113241
0.114530
0.115819
0.116464
0.118075
0.119042
0.120009
0.121620
0.120975
0.122264
0.123553
0.124198
0.126132
0.127098
0.127421
0.129032
0.129354
0.129999
0.131610
0.131610
0.132255
0.133222
0.134511
0.135477
0.137089
0.137733
0.138056
0.138700
0.139667
0.140634
0.141601
0.141923
0.142245
0.142890
0.143534
0.144823
0.145790
0.147724
0.147401
0.147401
0.148691
0.149013
0.149013
0.149657
0.150302
0.150946
0.151591
0.152880
0.152880
0.153525
0.153525
0.153847
0.155781
0.155458
0.155781
0.155781
0.156425
0.156425
0.157070
0.157392
0.158359
0.158036
0.158681
0.159648
0.159648
0.160292
0.159648
0.159648
0.160615
0.161259
0.161259
0.162548
0.162548
0.162548
0.163193
0.162548
0.163515
0.163193
0.162548
0.162870
0.164160
0.164160
0.164804
0.165449
0.164804
0.165126
0.165449
0.165449
0.165771
0.165449
0.164804
0.166093
0.166738
0.166738
0.167060
0.167705
0.167705
0.167382
0.167060
0.168349
0.167705
0.166415
0.167382
0.167705
0.167705
0.168027
0.168671
0.168994
0.168349
0.168671
0.168994
0.168994
0.168027
0.168027
0.168671
0.168349
0.169316
0.169638
0.169316
0.169638
0.169316
0.169638
0.169638
0.169316
0.168994
0.169316
0.169316
0.169638
0.169638
0.169960
0.169960
0.169960
0.169638
0.169960
0.169960
0.169316
0.169316
0.169638
0.169316
0.170283
0.170283
0.169960
0.170283
0.170283
0.169960
0.170283
0.170283
0.169316
0.169638
0.169960
0.169638
0.170605
0.170283
0.170605
0.168994
0.170283
0.170283
0.169960
0.169316
0.169638
0.169960
0.170283
0.170605
0.170283
0.170605
0.169960
0.169960
0.170605
0.170283
0.170283
0.169638
0.169316
0.169960
0.170605
0.170927
0.170927
0.170927
0.170927
0.170927
0.170927
0.170605
0.170283
0.169960
0.170283
0.171250
0.170927
0.170927
0.171250
0.170927
0.170927
0.170927
0.171250
0.170605
0.170283
0.169960
0.169960
0.170605
0.170927
0.171250
0.171250
0.170927
0.170605
0.170927
0.170283
0.169638
0.169638
0.169638
0.169960
0.169638
0.170283
0.169960
0.169316
0.168994
0.168349
0.168027
0.167705
0.166415
0.165449
0.165449
0.166093
0.165126
0.164482
0.163193
0.162226
0.161581
0.160615
0.160292
0.158036
0.156747
0.156103
0.156103
0.154814
0.154814
0.152880
0.151269
0.150624
0.149013
0.148046
0.147401
0.145468
0.143857
0.142890
0.141278
0.140312
0.140312
0.138378
0.137089
0.135477
0.134833
0.133544
0.131610
0.129677
0.129032
0.127421
0.126776
0.126132
0.123876
0.123231
0.122587
0.120331
0.120009
0.118397
0.116141
0.115174
0.114852
0.113885
0.112919
0.111629
0.111307
0.110018
0.108407
0.107118
0.106795
0.105506
0.104217
0.103250
0.102284
0.102284
0.100672
0.100028
0.099383
0.098094
0.097450
0.096161
0.095838
0.094549
0.093905
0.093582
0.092938
0.091971
0.091326
0.091004
0.090037
0.089715
0.089393
0.088748
0.087137
0.086170
0.085526
0.085526
0.085526
0.084559
0.084559
0.083914
0.083270
0.083592
0.081981
0.081336
0.080692
0.080047
0.080369
0.080369
0.079725
0.079402
0.079402
0.078436
0.078436
0.078436
0.077147
0.077147
0.075857
0.075213
0.076502
0.075857
0.075213
0.075535
0.075213
0.074246
0.074568
0.074568
0.074246
0.073279
0.072312
0.073279
0.073279
0.072635
0.072957
0.072635
0.072635
0.072312
0.071990
0.071990
0.071990
0.070057
0.070379
0.070701
0.071023
0.070379
0.071023
0.070057
0.070057
0.070057
0.069734
0.070379
0.069090
0.068445
0.069734
0.069412
0.068768
0.069734
0.069090
0.068768
0.068768
0.068445
0.068123
0.068445
0.067478
0.067156
0.067801
0.068123
0.068445
0.068768
0.068445
0.068123
0.068123
0.067801
0.067801
0.067156
0.066512
0.067478
0.067801
0.068123
0.067801
0.067801
0.067801
0.067478
0.067156
0.067801
0.067156
0.066512
0.066189
0.066512
0.066834
0.067156
0.067156
0.066512
0.066834
0.065867
0.066834
0.066834
0.066189
0.065545
0.066189
0.066189
0.066189
0.066512
0.067156
0.066834
0.066189
0.066834
0.066189
0.066512
0.065545
0.065545
0.065867
0.066512
0.066512
0.065867
0.066834
0.066189
0.066189
0.066189
0.065867
0.065545
0.065545
0.065223
0.066512
0.066512
0.066512
0.066189
0.066512
0.066189
0.066189
0.066189
0.066512
0.065545
0.065223
0.066189
0.066512
0.066189
