0.065545
0.066512
0.065867
0.065867
0.063933
0.060711
0.057488
0.052332
0.047498
0.042019
0.034607
0.027839
0.021716
0.014626
0.007214
0.000446
-0.007288
-0.015023
-0.023080
-0.030169
-0.037904
-0.044994
-0.054340
-0.061430
-0.069164
-0.075287
-0.082700
-0.089789
-0.096235
-0.103647
-0.110415
-0.116216
-0.123306
-0.129106
-0.135552
-0.141353
-0.146831
-0.151665
-0.156822
-0.162300
-0.167457
-0.172935
-0.177125
-0.182281
-0.186471
-0.191949
-0.195494
-0.199039
-0.202906
-0.207418
-0.210641
-0.213541
-0.216442
-0.219987
-0.223532
-0.226432
-0.230299
-0.233200
-0.236100
-0.238034
-0.240290
-0.243190
-0.245446
-0.247702
-0.249958
-0.251891
-0.254147
-0.256403
-0.258659
-0.260270
-0.262526
-0.263171
-0.265104
-0.266394
-0.268005
-0.269294
-0.271228
-0.272839
-0.274128
-0.276062
-0.277351
-0.278318
-0.277995
-0.279607
-0.280896
-0.281218
-0.282829
-0.284118
-0.284118
-0.284441
-0.286374
-0.287663
-0.288630
-0.288630
-0.289275
-0.290564
-0.290242
-0.290564
-0.291853
-0.292175
-0.292497
-0.293142
-0.293787
-0.295398
-0.295076
-0.294753
-0.295076
-0.295076
-0.296365
-0.296687
-0.297009
-0.297331
-0.298943
-0.297976
-0.299587
-0.299265
-0.298943
-0.299265
-0.299910
-0.298943
-0.299910
-0.299910
-0.300232
-0.300876
-0.301521
-0.301521
-0.302166
-0.301521
-0.301843
-0.302166
-0.301199
-0.301521
-0.302166
-0.301843
-0.302488
-0.303132
-0.302488
-0.303455
-0.303777
-0.302810
-0.303455
-0.302810
-0.302166
-0.303132
-0.303132
-0.303455
-0.303455
-0.303455
-0.304744
-0.305066
-0.304421
-0.304421
-0.304099
-0.303777
-0.304099
-0.304421
-0.304421
-0.304421
-0.304421
-0.304099
-0.305388
-0.305711
-0.305388
-0.305388
-0.305066
-0.304099
-0.304744
-0.304744
-0.305066
-0.305066
-0.305066
-0.305711
-0.306033
-0.305388
-0.305388
-0.305711
-0.305388
-0.305066
-0.305388
-0.305711
-0.306033
-0.305388
-0.305388
-0.306677
-0.306355
-0.306033
-0.305711
-0.305711
-0.305066
-0.305711
-0.305711
-0.305711
-0.305711
-0.305388
-0.306355
-0.306677
-0.307000
-0.305711
-0.305711
-0.305388
-0.305066
-0.305388
-0.306355
-0.306355
-0.305711
-0.306355
-0.307000
-0.306677
-0.306677
-0.305388
-0.306677
-0.306033
-0.305711
-0.305711
-0.305711
-0.306033
-0.306355
-0.306033
-0.306677
-0.307000
-0.306355
-0.305388
-0.306033
-0.305066
-0.305711
-0.305711
-0.305711
-0.305711
-0.305388
-0.306355
-0.306355
-0.306355
-0.306355
-0.306355
-0.305711
-0.305388
-0.305711
-0.306033
-0.305711
-0.305711
-0.305711
-0.306355
-0.306355
-0.305388
-0.305711
-0.305711
-0.305066
-0.305711
-0.306033
-0.305388
-0.306033
-0.305388
-0.306033
-0.306677
-0.305066
-0.302488
-0.299587
-0.295720
-0.290242
-0.285407
-0.279607
-0.272839
-0.266394
-0.258659
-0.251891
-0.243835
-0.235456
-0.228043
-0.219342
-0.210963
-0.203229
-0.194527
-0.186471
-0.178414
-0.170357
-0.163589
-0.156177
-0.147798
-0.139741
-0.132007
-0.124917
-0.117827
-0.111059
-0.104292
-0.097524
-0.091079
-0.085278
-0.080121
-0.073676
-0.067231
-0.062074
-0.055951
-0.050795
-0.046283
-0.041127
-0.036293
-0.031781
-0.026624
-0.023402
-0.019535
-0.015667
-0.011478
-0.007288
-0.003421
0.000124
0.003347
0.007214
0.009792
0.013015
0.015915
0.017527
0.020427
0.023327
0.026228
0.028161
0.031062
0.032996
0.034929
0.036863
0.039441
0.041052
0.042341
0.043630
0.045886
0.048142
0.049431
0.051687
0.053943
0.054265
0.055554
0.057166
0.058133
0.059099
0.060066
0.060711
0.062644
0.064256
0.064578
0.064900
0.067156
0.067156
0.068768
0.069412
0.070701
0.071023
0.070701
0.071346
0.073279
0.073602
0.074568
0.074891
0.074891
0.075857
0.076502
0.076502
0.077147
0.077469
0.077469
0.078758
0.079080
0.079080
0.080692
0.080369
0.080692
0.081658
0.081981
0.081981
0.082625
0.081981
0.081981
0.083270
0.083270
0.083914
0.084236
0.084236
0.084559
0.084881
0.084881
0.084559
0.084236
0.084236
0.085203
0.085203
0.086170
0.086170
0.086492
0.086492
0.086492
0.086815
0.086492
0.086170
0.085848
0.086492
0.086815
0.087459
0.087781
0.088104
0.087781
0.088426
0.088104
0.087781
0.088748
0.086815
0.087781
0.088104
0.087781
0.088104
0.088748
0.088426
0.088426
0.088748
0.088426
0.088748
0.088426
0.087459
0.088426
0.088104
0.088748
0.089071
0.088748
0.089071
0.089393
0.088748
0.089071
0.088426
0.087781
0.088104
0.088748
0.089071
0.088748
0.088748
0.089071
0.089071
0.089393
0.089071
0.089393
0.088748
0.088748
0.088104
0.088748
0.089715
0.089715
0.089715
0.089071
0.089071
0.089715
0.089393
0.088748
0.088748
0.089071
0.088104
0.089071
0.089393
0.089071
0.089715
0.089393
0.088748
0.089393
0.089715
0.089071
0.088426
0.088426
0.089393
0.090037
0.089715
0.089715
0.090037
0.089071
0.089393
0.089393
0.088426
0.088748
0.088748
0.089393
0.090037
0.089071
0.090037
0.090037
0.089393
0.089715
0.090037
0.089715
0.089715
0.089071
0.089071
0.089715
0.089393
0.089071
0.090037
0.090037
0.089071
0.089393
0.089715
0.089715
0.089393
0.088104
0.089393
0.089715
0.090037
0.089715
