0.068768
0.069734
0.069412
0.069090
0.067156
0.064256
0.060066
0.055232
0.051043
0.043953
0.038474
0.031384
0.024939
0.018171
0.011081
0.003024
-0.004066
-0.012445
-0.020179
-0.027914
-0.035648
-0.044349
-0.051439
-0.058529
-0.066264
-0.073031
-0.080444
-0.087534
-0.094301
-0.102036
-0.107837
-0.114604
-0.122016
-0.128140
-0.133940
-0.139419
-0.144898
-0.150054
-0.155533
-0.161011
-0.166490
-0.171646
-0.176158
-0.181636
-0.186471
-0.190016
-0.193560
-0.197750
-0.201940
-0.205162
-0.209352
-0.212574
-0.216119
-0.219020
-0.221920
-0.226432
-0.229332
-0.231911
-0.234489
-0.237389
-0.239645
-0.241901
-0.243835
-0.247380
-0.248991
-0.251247
-0.253825
-0.256081
-0.257692
-0.259626
-0.261237
-0.262204
-0.264782
-0.266394
-0.267360
-0.268972
-0.270261
-0.271550
-0.273483
-0.275417
-0.276062
-0.276384
-0.277995
-0.279284
-0.279607
-0.280573
-0.281863
-0.282507
-0.283474
-0.285085
-0.286374
-0.287663
-0.287019
-0.287663
-0.288630
-0.288630
-0.289597
-0.290564
-0.290886
-0.291208
-0.292175
-0.292820
-0.294431
-0.293787
-0.294109
-0.294753
-0.294753
-0.295720
-0.296365
-0.296042
-0.296365
-0.296687
-0.297654
-0.298298
-0.298943
-0.298298
-0.298943
-0.298298
-0.298943
-0.299265
-0.299587
-0.299587
-0.300232
-0.300554
-0.300554
-0.301521
-0.301521
-0.300876
-0.301199
-0.300232
-0.298621
-0.295398
-0.291531
-0.287019
-0.282185
-0.276384
-0.271550
-0.263815
-0.255759
-0.248991
-0.240290
-0.232877
-0.225143
-0.216764
-0.208707
-0.200650
-0.192271
-0.185504
-0.177769
-0.169068
-0.161011
-0.153277
-0.145220
-0.138452
-0.130718
-0.123628
-0.116860
-0.109770
-0.103003
-0.098491
-0.090756
-0.084311
-0.078510
-0.072065
-0.066908
-0.061430
-0.055629
-0.050472
-0.045638
-0.040804
-0.036615
-0.032425
-0.027269
-0.023402
-0.018245
-0.014378
-0.010511
-0.006966
-0.003743
-0.000198
0.003024
0.006569
0.008825
0.012048
0.015271
0.018493
0.021394
0.023972
0.026228
0.028806
0.030417
0.032996
0.035574
0.036540
0.038474
0.040730
0.042986
0.044597
0.047175
0.048464
0.050398
0.051043
0.052976
0.054265
0.055554
0.055554
0.057166
0.058777
0.060388
0.061033
0.063611
0.064256
0.064578
0.065867
0.067478
0.067801
0.068445
0.068768
0.069734
0.070379
0.071668
0.072957
0.073924
0.073602
0.074246
0.075535
0.075213
0.076180
0.075857
0.076180
0.077469
0.078758
0.078758
0.079402
0.079725
0.079725
0.080692
0.080369
0.080369
0.081336
0.081014
0.081336
0.082303
0.082625
0.082947
0.083592
0.083592
0.083592
0.083914
0.083914
0.084881
0.083592
0.083592
0.084559
0.083914
0.082303
0.079725
0.076502
0.071346
0.065867
0.060388
0.053621
0.047175
0.038796
0.031384
0.024616
0.016882
0.009148
0.001091
-0.007611
-0.015023
-0.023724
-0.031781
-0.038548
-0.047894
-0.055951
-0.063041
-0.071098
-0.077865
-0.084955
-0.092045
-0.098813
-0.105903
-0.112671
-0.119438
-0.125884
-0.133296
-0.138452
-0.144253
-0.149087
-0.154566
-0.160044
-0.164878
-0.170035
-0.175513
-0.179703
-0.184537
-0.189693
-0.193883
-0.197750
-0.201940
-0.204840
-0.208707
-0.212574
-0.215797
-0.219664
-0.222565
-0.225465
-0.229010
-0.232555
-0.234167
-0.238034
-0.239967
-0.241579
-0.244157
-0.246413
-0.248991
-0.251569
-0.252536
-0.255114
-0.257692
-0.259626
-0.261237
-0.262526
-0.263493
-0.265749
-0.266716
-0.268972
-0.270583
-0.271550
-0.273161
-0.274773
-0.276384
-0.277028
-0.278318
-0.278640
-0.279607
-0.280573
-0.282185
-0.282829
-0.283796
-0.283796
-0.285407
-0.286697
-0.287663
-0.288308
-0.287663
-0.288952
-0.289275
-0.290242
-0.290242
-0.291208
-0.291853
-0.292820
-0.292820
-0.294109
-0.294753
-0.295076
-0.294753
-0.295398
-0.295398
-0.296365
-0.296687
-0.296365
-0.297654
-0.297654
-0.297331
-0.298943
-0.298943
-0.298943
-0.298943
-0.299265
-0.298943
-0.300232
-0.299587
-0.300232
-0.300876
-0.300876
-0.301521
-0.301521
-0.298298
-0.295398
-0.291853
-0.286697
-0.281863
-0.276384
-0.269616
-0.263171
-0.255436
-0.248991
-0.241579
-0.233200
-0.225465
-0.216764
-0.208385
-0.200650
-0.192594
-0.184537
-0.176802
-0.169068
-0.160689
-0.154244
-0.146509
-0.138452
-0.131362
-0.124272
-0.116216
-0.110737
-0.103003
-0.096557
-0.091079
-0.083989
-0.079155
-0.073354
-0.067553
-0.062074
-0.056596
-0.051117
-0.045638
-0.041127
-0.036293
-0.031781
-0.026947
-0.023080
-0.019535
-0.015023
-0.010833
-0.007933
-0.002776
0.000124
0.003024
0.007214
0.008825
0.012370
0.015593
0.017204
0.020105
0.023327
0.026550
0.028806
0.031062
0.033318
0.035251
0.036863
0.039441
0.041697
0.043953
0.043953
0.046209
0.047498
0.049754
0.051043
0.053299
0.055232
0.055877
0.056844
0.058777
0.059422
0.060388
0.061033
0.062322
0.063611
0.064900
0.065867
0.066834
0.068123
0.068123
0.069412
0.070701
0.070379
0.071346
0.071023
0.071346
0.073602
0.074246
0.074568
0.075535
0.075857
0.076502
0.077147
0.077147
0.078113
0.078113
0.077791
0.079080
0.080047
0.080369
0.081014
0.081336
0.081014
0.081658
0.081658
0.082625
0.081981
0.081658
0.082625
0.083592
0.083270
0.084236
0.084236
